(((pools
   ((number_of_pools 2) (teams_per_pool 5) (cycles_per_pool 1)
    (multibracket ((4 6 0 0 0)))))
  ((samples 4856)
   (sums
    (1951.5744139161998 1720.5637316782208 1363.317676873269
     375.48028976707633 417.57878766124486 -350.9014360193006
     -1041.6254908101646 -1641.5904548214553 -1111.0223827830305
     -1683.3751354620549))
   (prods
    ((1995.2595454118295 402.72337036097917 347.07213561982883
      -83.1593071044754 43.150641310842666 -248.90938361316989
      -545.0918875992628 -747.96151485491987 -466.3183549855296
      -696.765244546124)
     (402.72337036097917 2069.5763496957438 273.35069562675244
      -96.560711793594749 -12.884816399854518 -288.54327098489796
      -526.67233048451089 -758.706283282776 -426.44541757771333
      -635.83758516012654)
     (347.07213561982883 273.35069562675244 1818.7617248957267
      -109.49313831078979 -10.055854865502029 -240.721559835251
      -482.05426992788904 -633.49715604174548 -407.58804103890986
      -555.77453612221973)
     (-83.1593071044754 -96.560711793594749 -109.49313831078979
      1430.96272396043 -64.5535591592153 -166.35246575142446
      -269.4919824283171 -263.16373184844889 -179.06625975730202
      -199.12156780686217)
     (43.150641310842666 -12.884816399854518 -10.055854865502029
      -64.5535591592153 1209.3168071301193 -153.72708340505326
      -243.73691089703908 -320.45412487011657 -202.67195513504592
      -244.3831437091354)
     (-248.90938361316989 -288.54327098489796 -240.721559835251
      -166.35246575142446 -153.72708340505326 1182.2961511669648
      -50.968920596294453 -30.482113711670035 -13.657728140380007
      11.066374871176041)
     (-545.0918875992628 -526.67233048451089 -482.05426992788904
      -269.4919824283171 -243.73691089703908 -50.968920596294453
      1394.2754980308521 252.63085121229255 177.1766654270738
      293.93328726309494)
     (-747.96151485491987 -758.706283282776 -633.49715604174548
      -263.16373184844889 -320.45412487011657 -30.482113711670035
      252.63085121229255 1744.5939660210652 279.66935994581752
      477.37074743050243)
     (-466.3183549855296 -426.44541757771333 -407.58804103890986
      -179.06625975730202 -202.67195513504592 -13.657728140380007
      177.1766654270738 279.66935994581752 913.162142743235
      325.73958851875318)
     (-696.765244546124 -635.83758516012654 -555.77453612221973
      -199.12156780686217 -244.3831437091354 11.066374871176041
      293.93328726309494 477.37074743050243 325.73958851875318
      1223.7720792609423)))))
 ((pools
   ((number_of_pools 2) (teams_per_pool 5) (cycles_per_pool 1)
    (multibracket ((8 0 2 0 0)))))
  ((samples 145684)
   (sums
    (52005.894508107667 46763.824042622487 36383.71401755041
     5935.211338705446 14086.018063018972 -7790.7074064021608
     -9537.0555608542181 -28368.672794752205 -46150.281480879217
     -63327.944727117167))
   (prods
    ((50712.33538340222 7189.30417472494 6270.2216169833719
      -4254.791005287585 2465.0727618927713 -5011.433932916495
      -4799.0474855288439 -11168.114798256996 -17660.137542166114
      -23743.4091728473)
     (7189.30417472494 56915.216211229286 4931.4270176655482
      -5732.44238113066 273.97218284066224 -6710.3846249689341
      -5720.7203819648912 -11504.065857155749 -17092.400273157451
      -22549.906068082757)
     (6270.2216169833719 4931.4270176655482 50954.555400747064
      -5586.6236345728767 -528.21698313806439 -6506.4450580096754
      -5728.40515664366 -10203.314391180194 -14680.323837367298
      -18922.8749744842)
     (-4254.791005287585 -5732.44238113066 -5586.6236345728767
      41348.550854483859 -2577.08685955477 -4157.2973284807822
      -3464.70036056944 -4488.8222163459213 -5169.2281753015941
      -5917.5588932402443)
     (2465.0727618927713 273.97218284066224 -528.21698313806439
      -2577.08685955477 33530.021844559822 -4365.1404868759664
      -3985.5923704639372 -6525.7644061392266 -8332.1839852844332
      -9955.0816978368675)
     (-5011.433932916495 -6710.3846249689341 -6506.4450580096754
      -4157.2973284807822 -4365.1404868759664 31850.403454071911
      -2007.1538294600828 -1661.6245018746376 -1140.0613100765831
      -290.86238140874059)
     (-4799.0474855288439 -5720.7203819648912 -5728.40515664366
      -3464.70036056944 -3985.5923704639372 -2007.1538294600828
      26263.799779065746 -741.81009776602912 -277.13029927051423
      460.76020260164944)
     (-11168.114798256996 -11504.065857155749 -10203.314391180194
      -4488.8222163459213 -6525.7644061392266 -1661.6245018746376
      -741.81009776602912 30581.78614113752 6383.69202846952
      9328.0380991116963)
     (-17660.137542166114 -17092.400273157451 -14680.323837367298
      -5169.2281753015941 -8332.1839852844332 -1140.0613100765831
      -277.13029927051423 6383.69202846952 39971.845263423347
      17995.92813073111)
     (-23743.4091728473 -22549.906068082757 -18922.8749744842
      -5917.5588932402443 -9955.0816978368675 -290.86238140874059
      460.76020260164944 9328.0380991116963 17995.92813073111
      53594.966755455644)))))
 ((pools
   ((number_of_pools 2) (teams_per_pool 5) (cycles_per_pool 1)
    (multibracket ((4 2 2 0 0)))))
  ((samples 145684)
   (sums
    (51065.995684398687 45603.242288931535 34035.794110135648
     4202.8368118082908 11351.727839446512 -10824.339543631922
     -13275.747318928086 -31951.230734514869 -36407.939844764405
     -53800.339292881443))
   (prods
    ((49141.383416256016 6672.4731080743086 4967.29766500613
      -5008.1416004859775 1593.6162398840797 -6057.8671202548021
      -5959.9837153047265 -12433.856017751119 -13458.384546256746
      -19456.537429167169)
     (6672.4731080743086 55558.08023559767 3687.4730952575983
      -6314.35366868211 -1148.2867724828905 -7900.8853813635906
      -6726.2105660137577 -12581.82853388615 -12976.970479118743
      -18269.491037382322)
     (4967.29766500613 3687.4730952575983 49536.059352103584
      -6366.0279659234657 -1692.5976391798633 -7569.5293751383879
      -6396.0712856788232 -10676.438860246712 -10568.1643382841
      -14922.000647915953)
     (-5008.1416004859775 -6314.35366868211 -6366.0279659234657
      41021.4969588323 -3259.5663997742881 -4622.0497511879075
      -3824.2830030405767 -4411.703038849786 -3420.7207939103823
      -3794.6507369777769)
     (1593.6162398840797 -1148.2867724828905 -1692.5976391798633
      -3259.5663997742881 32802.1232757567 -5097.2261790008715
      -4047.481971935511 -5819.0068369699538 -6123.3768352894876
      -7208.1968810079188)
     (-6057.8671202548021 -7900.8853813635906 -7569.5293751383879
      -4622.0497511879075 -5097.2261790008715 32511.485601043212
      -1280.6335297611809 -629.81799971397027 -189.01603780237025
      835.53977317986687)
     (-5959.9837153047265 -6726.2105660137577 -6396.0712856788232
      -3824.2830030405767 -4047.481971935511 -1280.6335297611809
      25805.236630662872 267.28638403572211 399.05331901671747
      1763.087738019246)
     (-12433.856017751119 -12581.82853388615 -10676.438860246712
      -4411.703038849786 -5819.0068369699538 -629.81799971397027
      267.28638403572211 31524.886305131986 5683.4409904433733
      9077.0376078066256)
     (-13458.384546256746 -12976.970479118743 -10568.1643382841
      -3420.7207939103823 -6123.3768352894876 -189.01603780237025
      399.05331901671747 5683.4409904433733 29656.847357971492
      10997.291363230248)
     (-19456.537429167169 -18269.491037382322 -14922.000647915953
      -3794.6507369777769 -7208.1968810079188 835.53977317986687
      1763.087738019246 9077.0376078066256 10997.291363230248
      40977.920250215153)))))
 ((pools
   ((number_of_pools 2) (teams_per_pool 5) (cycles_per_pool 1)
    (multibracket ((8 0 0 0)))))
  ((samples 2856)
   (sums
    (1165.0894039500458 1012.6126637379227 809.33422378813225
     237.83891980389456 251.78982841797773 -182.32348248676351
     -546.63851060237789 -965.21825792671916 -760.39898450811143
     -1022.0858041740005))
   (prods
    ((1185.0722964143113 243.1724228612054 220.63058678247125
      -1.73158404900553 28.326363886167492 -159.81452555710243
      -276.38116635381789 -462.30914953786936 -338.21911955193673
      -438.74612489442279)
     (243.1724228612054 1211.4250868605995 160.30104786552181
      -67.290003011363865 -7.5557301621752408 -145.51423285497512
      -267.74879982850166 -440.2168393269767 -301.415083029824
      -385.15786937351157)
     (220.63058678247125 160.30104786552181 1051.6311581385944
      -65.781286802569952 2.4390330405433538 -155.42833958601736
      -264.4056810565553 -350.36207218207414 -266.81307732048896
      -332.2113688794243)
     (-1.73158404900553 -67.290003011363865 -65.781286802569952
      853.4954849746307 -56.6827375493463 -96.473564791814823
      -153.76338085460725 -189.90042494081149 -100.28315856057816
      -121.58934441453405)
     (28.326363886167492 -7.5557301621752408 2.4390330405433538
      -56.6827375493463 682.55685746848826 -90.315859274339388
      -134.53708734548655 -160.39780178253596 -122.22549449542345
      -141.60754378589178)
     (-159.81452555710243 -145.51423285497512 -155.42833958601736
      -96.473564791814823 -90.315859274339388 691.88500578376545
      -18.159871167981315 -26.870833332784564 -12.129069408333258
      12.821290189582642)
     (-276.38116635381789 -267.74879982850166 -264.4056810565553
      -153.76338085460725 -134.53708734548655 -18.159871167981315
      776.08694957296211 115.72231398617478 79.390496184711537
      143.79622686310097)
     (-462.30914953786936 -440.2168393269767 -350.36207218207414
      -189.90042494081149 -160.39780178253596 -26.870833332784564
      115.72231398617478 1007.0585382834928 221.37423574281354
      285.90203309057119)
     (-338.21911955193673 -301.415083029824 -266.81307732048896
      -100.28315856057816 -122.22549449542345 -12.129069408333258
      79.390496184711537 221.37423574281354 629.98079218774274
      210.339478251316)
     (-438.74612489442279 -385.15786937351157 -332.2113688794243
      -121.58934441453405 -141.60754378589178 12.821290189582642
      143.79622686310097 285.90203309057119 210.339478251316
      766.45322295321489)))))
 ((pools
   ((number_of_pools 2) (teams_per_pool 5) (cycles_per_pool 1)
    (multibracket ((4 2 0 0)))))
  ((samples 60684)
   (sums
    (22034.959970287659 20375.762382664183 15679.779555420526
     3456.3030975262532 6591.2789766566148 -2478.0883684566397
     -10073.163677881694 -17833.266962642621 -15151.291988738376
     -22602.272984835909))
   (prods
    ((21551.786235014948 3547.0356624587334 2896.3334346439024
      -1333.3921193639619 1401.9088019819976 -1855.4136691515168
      -4681.353389312595 -7295.6630422129592 -5730.8488228458973
      -8500.3930912126452)
     (3547.0356624587334 24561.90959799031 2469.5134204311689
      -1894.8073075580248 486.50265895984683 -2499.7949405581135
      -5032.4237309858563 -7568.5604004549114 -5770.0915213601538
      -8299.2834389230011)
     (2896.3334346439024 2469.5134204311689 21579.909679717963
      -1992.9944463163233 202.17055236489807 -2403.1159190044536
      -4550.1320965369005 -6484.1835881684437 -4977.3237498056887
      -6740.1772873261234)
     (-1333.3921193639619 -1894.8073075580248 -1992.9944463163233
      17405.808314646623 -884.51487047316823 -1584.0624996259833
      -2439.7130381474531 -2903.9126013661385 -1982.9160244164282
      -2389.4954073791409)
     (1401.9088019819976 486.50265895984683 202.17055236489807
      -884.51487047316823 13780.420416050767 -1680.0061683348813
      -2602.7369795463883 -3797.29279135555 -3021.8986394262784
      -3884.5529802212473)
     (-1855.4136691515168 -2499.7949405581135 -2403.1159190044536
      -1584.0624996259833 -1680.0061683348813 13110.385342000494
      -870.10439722230933 -843.33766999576062 -775.4403156496744
      -599.10976245779193)
     (-4681.353389312595 -5032.4237309858563 -4550.1320965369005
      -2439.7130381474531 -2602.7369795463883 -870.10439722230933
      14424.51650017117 1511.7532768327014 1579.3558686711276
      2660.8379860765)
     (-7295.6630422129592 -7568.5604004549114 -6484.1835881684437
      -2903.9126013661385 -3797.29279135555 -843.33766999576062
      1511.7532768327014 17924.072568847656 3760.6481440451685
      5696.476103828234)
     (-5730.8488228458973 -5770.0915213601538 -4977.3237498056887
      -1982.9160244164282 -3021.8986394262784 -775.4403156496744
      1579.3558686711276 3760.6481440451685 12321.927702106059
      4596.5873586817625)
     (-8500.3930912126452 -8299.2834389230011 -6740.1772873261234
      -2389.4954073791409 -3884.5529802212473 -599.10976245779193
      2660.8379860765 5696.476103828234 4596.5873586817625
      17459.110518933459)))))
 ((pools
   ((number_of_pools 2) (teams_per_pool 5) (cycles_per_pool 1)
    (multibracket ((4 0 0)))))
  ((samples 7356)
   (sums
    (2861.1021694603924 2790.6187349075349 2192.4457604463296
     655.40372962082245 326.52337139852511 -888.61711206454606
     -1213.7798255348116 -2144.0020661004096 -1859.1148011516407
     -2720.5799609821943))
   (prods
    ((2880.0739722029289 668.34618863889 486.426961586184 -65.0928181703069
      -98.872715554487058 -513.7822062895591 -583.22811693484971
      -947.49600568747212 -736.89916588043059 -1089.4760939108951)
     (668.34618863889 3365.7725176717759 502.82101097134773
      -149.42852202822442 -110.82284453028545 -618.50152069803335
      -724.57893890559171 -1036.0298926397179 -803.53045081031
      -1094.0475476698557)
     (486.426961586184 502.82101097134773 2894.8076496946105
      -78.004274579196718 -122.90511491827186 -516.63069674889425
      -640.91734701072073 -902.67699094029263 -682.4999301139153
      -940.42126794085357)
     (-65.0928181703069 -149.42852202822442 -78.004274579196718
      2255.61735259996 -142.92988292476764 -306.34908039347874
      -382.219833488644 -498.8620191979644 -261.21490935559518
      -371.51601246178473)
     (-98.872715554487058 -110.82284453028545 -122.90511491827186
      -142.92988292476764 1795.2293230556731 -313.04734735759376
      -187.48905294768505 -226.05681144748462 -278.48630595176991
      -314.61924742332729)
     (-513.7822062895591 -618.50152069803335 -516.63069674889425
      -306.34908039347874 -313.04734735759376 1888.2230848369149
      35.505033117302006 163.73913811667359 27.26388357431906
      153.57971184235041)
     (-583.22811693484971 -724.57893890559171 -640.91734701072073
      -382.219833488644 -187.48905294768505 35.505033117302006
      1751.63056094293 179.71222100722781 210.00999437226085
      341.57547984777068)
     (-947.49600568747212 -1036.0298926397179 -902.67699094029263
      -498.8620191979644 -226.05681144748462 163.73913811667359
      179.71222100722781 2151.253406280091 433.44040989064763
      682.97654461829359)
     (-736.89916588043059 -803.53045081031 -682.4999301139153
      -261.21490935559518 -278.48630595176991 27.26388357431906
      210.00999437226085 433.44040989064763 1538.3725121978637
      553.54396207693117)
     (-1089.4760939108951 -1094.0475476698557 -940.42126794085357
      -371.51601246178473 -314.61924742332729 153.57971184235041
      341.57547984777068 682.97654461829359 553.54396207693117
      2078.4044710213702)))))
 ((pools
   ((number_of_pools 2) (teams_per_pool 5) (cycles_per_pool 1)
    (multibracket ((2 0)))))
  ((samples 2856)
   (sums
    (1179.5514248305171 1164.49204917595 832.24318036111731
     120.56229214890723 161.33151585484322 -333.62191660370354
     -469.05631739070469 -856.29202165486981 -748.47630853911164
     -1050.7338981829448))
   (prods
    ((1212.3953391738828 326.55816470176552 230.22290906973666
      -114.03469570283912 -8.644324435823826 -246.31740286958535
      -238.72233867238856 -405.05954032782529 -326.13581109922234
      -430.2622998376994)
     (326.55816470176552 1365.1184832232921 235.73713700500429
      -122.0024661345854 -84.145855293143583 -257.23080727377715
      -270.70552122391507 -406.7186034400093 -320.96781491188835
      -465.64271665274396)
     (230.22290906973666 235.73713700500429 1109.0369464920359
      -121.5709871400191 -48.547989118661008 -171.71873844404345
      -252.75698545179341 -376.4068704496753 -259.7801558235841
      -344.21526613900016)
     (-114.03469570283912 -122.0024661345854 -121.5709871400191
      941.39417424814633 -24.2229425389773 -60.529832488434096
      -161.44426224964138 -158.09763319825191 -86.660983072752117
      -92.830371722645225)
     (-8.644324435823826 -84.145855293143583 -48.547989118661008
      -24.2229425389773 694.43035671615394 -105.25518359886033
      -84.630617989693377 -82.343385804591293 -110.25023659128013
      -146.38982134512315)
     (-246.31740286958535 -257.23080727377715 -171.71873844404345
      -60.529832488434096 -105.25518359886033 736.385917394759
      28.620865486742041 42.503641911043992 -13.100497194363784
      46.642037076519841)
     (-238.72233867238856 -270.70552122391507 -252.75698545179341
      -161.44426224964138 -84.630617989693377 28.620865486742041
      716.564210748121 69.44880333283264 80.848917746182323
      112.77692827355392)
     (-405.05954032782529 -406.7186034400093 -376.4068704496753
      -158.09763319825191 -82.343385804591293 42.503641911043992
      69.44880333283264 865.19955379146222 176.380696154764
      275.09333803024992)
     (-326.13581109922234 -320.96781491188835 -259.7801558235841
      -86.660983072752117 -110.25023659128013 -13.100497194363784
      80.848917746182323 176.380696154764 624.67024517325888
      234.99563961888506)
     (-430.2622998376994 -465.64271665274396 -344.21526613900016
      -92.830371722645225 -146.38982134512315 46.642037076519841
      112.77692827355392 275.09333803024992 234.99563961888506
      809.83253269800321)))))
 ((pools
   ((number_of_pools 2) (teams_per_pool 5) (cycles_per_pool 1)
    (multibracket ((4 2 2 2 0)))))
  ((samples 14159)
   (sums
    (7862.9344311978148 1455.1724005460603 3322.2201940164796
     372.59507167387744 1074.0906037349455 -1084.9515842125113
     -1432.6627553048047 -3252.0784043977374 -3289.5592859454755
     -5027.7606713086225))
   (prods
    ((9288.7401376034722 -1565.2247528089838 1111.7943336912654
      -494.28624168331112 252.22430795653659 -867.66169997347038
      -929.07187914989993 -1970.5353633352142 -1950.4186920327438
      -2875.5601502676718)
     (-1565.2247528089838 5164.0149103188742 -233.28602643282704
      -595.96632663920127 -277.66598644855168 -489.14132159262391
      -363.6948156891475 -614.6192535110406 -411.90897200718763
      -612.50745518932115)
     (1111.7943336912654 -233.28602643282704 4772.9566507129493
      -632.75246026515845 -195.01733847849997 -725.05209466981955
      -690.378558128433 -1103.4599911939126 -1002.2839205066978
      -1302.5205947288666)
     (-494.28624168331112 -595.96632663920127 -632.75246026515845
      3979.0111169526385 -256.82571520884017 -447.692003090703
      -410.46498581540703 -417.26269011899518 -324.8867737244824
      -398.87392040654663)
     (252.22430795653659 -277.66598644855168 -195.01733847849997
      -256.82571520884017 3138.5997344115608 -462.33972193573464
      -389.33660342359121 -639.98987210907774 -511.33328704956352
      -658.315517714225)
     (-867.66169997347038 -489.14132159262391 -725.05209466981955
      -447.692003090703 -462.33972193573464 3109.217138362008
      -164.26583372674179 -32.410717179948776 38.2018624728182
      41.144391334209786)
     (-929.07187914989993 -363.6948156891475 -690.378558128433
      -410.46498581540703 -389.33660342359121 -164.26583372674179
      2582.4706677494673 72.423363701895667 81.2973049219256
      211.02133955992605)
     (-1970.5353633352142 -614.6192535110406 -1103.4599911939126
      -417.26269011899518 -639.98987210907774 -32.410717179948776
      72.423363701895667 3203.9126183162971 565.77060003053077
      936.17130539946447)
     (-1950.4186920327438 -411.90897200718763 -1002.2839205066978
      -324.8867737244824 -511.33328704956352 38.2018624728182
      81.2973049219256 565.77060003053077 2603.3586043278865
      912.20327356750454)
     (-2875.5601502676718 -612.50745518932115 -1302.5205947288666
      -398.87392040654663 -658.315517714225 41.144391334209786
      211.02133955992605 936.17130539946447 912.20327356750454
      3747.2373284455416)))))
 ((pools
   ((number_of_pools 2) (teams_per_pool 5) (cycles_per_pool 1)
    (multibracket ((4 6 0 0)))))
  ((samples 12410)
   (sums
    (7535.9089284786041 1690.245096619567 3593.7108241464789
     1067.8591680133682 1025.4532113995124 -817.50799367533659
     -2594.0220441501442 -4194.33479250866 -2908.0524850968591
     -4399.2599132265386))
   (prods
    ((9277.1676768788529 -1095.1966121298312 1629.9125352408703
      82.260669512271932 260.49448660742564 -828.68122025733555
      -1857.6637312884336 -2892.3697834735613 -1848.1976876373151
      -2727.7263334529753)
     (-1095.1966121298312 4985.7579638239076 68.867849380352538
      -373.74878226921936 -260.94439229179568 -522.18703851197643
      -685.99758860897612 -910.28792448553259 -501.11751657170015
      -705.14595833522708)
     (1629.9125352408703 68.867849380352538 4627.1893899416018
      -206.07596774770613 -75.22010767299453 -668.78145838225771
      -1244.3403827729358 -1662.7124117485112 -1020.0017389893748
      -1448.8377072490407)
     (82.260669512271932 -373.74878226921936 -206.07596774770613
      3602.5802612608018 -214.9144912841021 -415.49609862905589
      -598.036762248765 -815.5864202289614 -476.06888466338751
      -584.91352370187337)
     (260.49448660742564 -260.94439229179568 -75.22010767299453
      -214.9144912841021 3039.3913317318538 -353.62008027114325
      -549.99657907936478 -753.0548730939322 -499.13987558036865
      -592.99541906556715)
     (-828.68122025733555 -522.18703851197643 -668.78145838225771
      -415.49609862905589 -353.62008027114325 3006.6435501844803
      -168.64368239589734 -34.047053677483873 -40.1353984377985
      24.948480378467355)
     (-1857.6637312884336 -685.99758860897612 -1244.3403827729358
      -598.036762248765 -549.99657907936478 -168.64368239589734
      3450.7234635685077 606.50213623220839 390.76130399501585
      656.69182259863226)
     (-2892.3697834735613 -910.28792448553259 -1662.7124117485112
      -815.5864202289614 -753.0548730939322 -34.047053677483873
      606.50213623220839 4391.2051938340619 797.75783835290054
      1272.5932982887925)
     (-1848.1976876373151 -501.11751657170015 -1020.0017389893748
      -476.06888466338751 -499.13987558036865 -40.1353984377985
      390.76130399501585 797.75783835290054 2356.2004089073675
      839.94155062465279)
     (-2727.7263334529753 -705.14595833522708 -1448.8377072490407
      -584.91352370187337 -592.99541906556715 24.948480378467355
      656.69182259863226 1272.5932982887925 839.94155062465279
      3265.4437899141385)))))
 ((pools
   ((number_of_pools 2) (teams_per_pool 5) (cycles_per_pool 1)
    (multibracket ((8 0 2 0)))))
  ((samples 12864)
   (sums
    (7142.94072637815 1567.3103503960915 3360.6266506521811
     512.08326991021318 1279.6091755745274 -720.53403009173849
     -902.91911272115647 -2476.2403658932462 -4122.0069049177682
     -5640.8697592872486))
   (prods
    ((8450.6883751021087 -1224.1527767259859 1259.0837994446958
      -376.59378986571909 369.50767047276844 -630.32747181186687
      -678.0259984229308 -1521.8415976380936 -2434.1799469765297
      -3214.1582635784589)
     (-1224.1527767259859 4767.8594517865786 -120.13477998036751
      -521.52795334328516 -107.81098806960252 -452.66248963208056
      -317.28083228973344 -475.1451819743416 -682.43723616114471
      -866.70721361003984)
     (1259.0837994446958 -120.13477998036751 4546.3228906327977
      -543.99725533717583 2.7419258890366116 -586.33238670690969
      -533.94555915598266 -974.3292246304145 -1340.0481997248912
      -1709.36121043079)
     (-376.59378986571909 -521.52795334328516 -543.99725533717583
      3737.1374513682827 -189.18715275931706 -379.61917393422021
      -333.16595544521317 -367.85739359988207 -475.37630441368577
      -549.81247266976834)
     (369.50767047276844 -107.81098806960252 2.7419258890366116
      -189.18715275931706 2919.4748354792978 -368.47564065464991
      -349.9513042860633 -555.46001191511459 -777.89120476935818
      -942.94812938699215)
     (-630.32747181186687 -452.66248963208056 -586.33238670690969
      -379.61917393422021 -368.47564065464991 2833.448726794476
      -172.6024338405403 -163.07486504532613 -45.032602927783842
      -35.321662241095289)
     (-678.0259984229308 -317.28083228973344 -533.94555915598266
      -333.16595544521317 -349.9513042860633 -172.6024338405403
      2360.8342318003397 -50.263213597775874 -9.81235414596037
      84.2134193838547)
     (-1521.8415976380936 -475.1451819743416 -974.3292246304145
      -367.85739359988207 -555.46001191511459 -163.07486504532613
      -50.263213597775874 2728.4649408059859 591.041817832512
      788.46472976244775)
     (-2434.1799469765297 -682.43723616114471 -1340.0481997248912
      -475.37630441368577 -777.89120476935818 -45.032602927783842
      -9.81235414596037 591.041817832512 3564.2188984535069
      1609.5171328333502)
     (-3214.1582635784589 -866.70721361003984 -1709.36121043079
      -549.81247266976834 -942.94812938699215 -35.321662241095289
      84.2134193838547 788.46472976244775 1609.5171328333502
      4836.1136699374974)))))
 ((pools
   ((number_of_pools 2) (teams_per_pool 5) (cycles_per_pool 1)
    (multibracket ((4 2 2 0)))))
  ((samples 12864)
   (sums
    (7141.3473988457508 1504.7029563244721 2942.8470937751968
     364.7126796839791 968.4982228584455 -850.51689662684385
     -1224.4185111074062 -2872.5967877398762 -3190.0460252267139
     -4784.530130787))
   (prods
    ((8462.1667962711781 -1273.0806266067561 882.27135160920466
      -412.68405622635584 217.57328668309762 -735.80804011070882
      -846.39438962987617 -1703.1586185913752 -1809.718306426867
      -2781.1673969715389)
     (-1273.0806266067561 4757.2678840195431 -179.88841172955736
      -550.72508263125928 -191.7168113406949 -419.69769993737009
      -352.0518341225328 -600.78455551020147 -544.28155085451874
      -645.04131128666972)
     (882.27135160920466 -179.88841172955736 4412.6028248838193
      -541.1954720210374 -193.03146176001022 -663.74709341417542
      -543.3932338601976 -948.675826882368 -931.446739579861
      -1293.4959372458397)
     (-412.68405622635584 -550.72508263125928 -541.1954720210374
      3590.294076428836 -249.88291643563457 -399.25774133120387
      -361.55582643360236 -425.41788390429531 -302.36913373584451
      -347.20596370958913)
     (217.57328668309762 -191.7168113406949 -193.03146176001022
      -249.88291643563457 2861.7456273261769 -400.41638785958128
      -372.22642141569469 -529.263709910955 -524.827939692288
      -617.95326559441128)
     (-735.80804011070882 -419.69769993737009 -663.74709341417542
      -399.25774133120387 -400.41638785958128 2840.9619070445196
      -130.96863598008872 -50.645846792335384 -63.936262303085748
      23.515800684021563)
     (-846.39438962987617 -352.0518341225328 -543.3932338601976
      -361.55582643360236 -372.22642141569469 -130.96863598008872
      2349.8086042021059 27.619981327301463 65.022063759401689
      164.13969215317618)
     (-1703.1586185913752 -600.78455551020147 -948.675826882368
      -425.41788390429531 -529.263709910955 -50.645846792335384
      27.619981327301463 2870.0486002839821 505.98968995492947
      854.28817002531116)
     (-1809.718306426867 -544.28155085451874 -931.446739579861
      -302.36913373584451 -524.827939692288 -63.936262303085748
      65.022063759401689 505.98968995492947 2645.9666216084893
      959.60155726964467)
     (-2781.1673969715389 -645.04131128666972 -1293.4959372458397
      -347.20596370958913 -617.95326559441128 23.515800684021563
      164.13969215317618 854.28817002531116 959.60155726964467
      3683.3186546759043)))))
 ((pools
   ((number_of_pools 2) (teams_per_pool 5) (cycles_per_pool 1)
    (multibracket ((8 0 0)))))
  ((samples 12410)
   (sums
    (7505.00413986803 1933.4488603377554 3605.6559146018644
     955.20992515777994 1081.0335260568111 -821.1535255999238
     -2491.7699773677568 -4065.1663787443531 -3080.4053150360546
     -4621.8571692741561))
   (prods
    ((9184.03567982049 -794.75490796363511 1663.1893241196472
      43.7381991987197 286.70466085349369 -869.86476596977354
      -1925.8998436462307 -2798.1329436130845 -1906.496306392864
      -2882.5190964067688)
     (-794.75490796363511 4985.5563350488692 135.69562607170241
      -380.60622077748383 -195.65667614783681 -544.60688709449994
      -753.42049918246039 -987.15921371769775 -587.94056900332271
      -877.106987233625)
     (1663.1893241196472 135.69562607170241 4624.9835745588152
      -260.75026597045917 -60.554216192753707 -655.61083204294
      -1173.5984551476367 -1628.3303071210928 -1098.0460881003767
      -1546.9783601749004)
     (43.7381991987197 -380.60622077748383 -260.75026597045917
      3581.2712229728436 -204.23121825520863 -442.01621982911473
      -514.16783281048242 -731.75514396966446 -489.37504677022378
      -602.10747378893609)
     (286.70466085349369 -195.65667614783681 -60.554216192753707
      -204.23121825520863 3042.7535037241496 -307.76616858688811
      -590.96341204604835 -782.683529853811 -535.34443141192355
      -652.2585120831709)
     (-869.86476596977354 -544.60688709449994 -655.61083204294
      -442.01621982911473 -307.76616858688811 3059.0437788837471
      -167.14953874774912 -49.930301865189826 -87.002871913586034
      64.903807166009031)
     (-1925.8998436462307 -753.42049918246039 -1173.5984551476367
      -514.16783281048242 -590.96341204604835 -167.14953874774912
      3428.6182079876335 582.71260838593776 407.30813049383653
      706.56063471321215)
     (-2798.1329436130845 -987.15921371769775 -1628.3303071210928
      -731.75514396966446 -782.683529853811 -49.930301865189826
      582.71260838593776 4295.6808313871315 809.730416565911
      1289.8675838015574)
     (-1906.496306392864 -587.94056900332271 -1098.0460881003767
      -489.37504677022378 -535.34443141192355 -87.002871913586034
      407.30813049383653 809.730416565911 2541.7927252714526
      945.3740412611055)
     (-2882.5190964067688 -877.106987233625 -1546.9783601749004
      -602.10747378893609 -652.2585120831709 64.903807166009031
      706.56063471321215 1289.8675838015574 945.3740412611055
      3554.2643627455241)))))
 ((pools
   ((number_of_pools 2) (teams_per_pool 5) (cycles_per_pool 1)
    (multibracket ((8 0 0 0) (2 1 0)))))
  ((samples 15516)
   (sums
    (6169.2962330907321 3544.8650979995182 4202.9084593367388
     3629.1491225939767 1336.3861689139692 -912.38796439343685
     -3212.9791619567918 -5052.9106844300841 -3939.6777498095976
     -5764.6495213450489))
   (prods
    ((6324.41067761932 110.7020908861451 1171.8512629961156
      1116.0368283234766 53.605473247526191 -814.90793431173825
      -1653.6888232895728 -2327.5437430380202 -1661.539650914943
      -2318.9261815183163)
     (110.7020908861451 5099.7287302205968 597.95348347503864
      582.573573140857 -196.95502483197339 -655.02575912505017
      -1233.801086708105 -1715.9395701433948 -1107.949383869272
      -1481.2870530448381)
     (1171.8512629961156 597.95348347503864 4938.2090739451405
      708.94407932106776 -194.67597548342005 -802.36073366464507
      -1374.7248320524561 -1926.6062591860878 -1329.530130797536
      -1789.0599685532225)
     (1116.0368283234766 582.573573140857 708.94407932106776
      4181.0355790418689 0.1155188498624824 -702.56742140070833
      -1339.6088119574947 -1687.0310987913226 -1216.5327254640672
      -1642.9655210635485)
     (53.605473247526191 -196.95502483197339 -194.67597548342005
      0.1155188498624824 3861.5811769205511 -406.0237187555241
      -723.4768922133195 -907.80838326079424 -645.29447103243683
      -841.06770344047027)
     (-814.90793431173825 -655.02575912505017 -802.36073366464507
      -702.56742140070833 -406.0237187555241 3791.0306274744871
      -218.54730831987712 -154.53719469845453 -31.255391802713632
      -5.80516539577275)
     (-1653.6888232895728 -1233.801086708105 -1374.7248320524561
      -1339.6088119574947 -723.4768922133195 -218.54730831987712
      4413.9029386342927 740.64748481947186 526.767013124884
      862.53031796215555)
     (-2327.5437430380202 -1715.9395701433948 -1926.6062591860878
      -1687.0310987913226 -907.80838326079424 -154.53719469845453
      740.64748481947186 5359.4148141810047 1029.2680114206016
      1590.1359386969912)
     (-1661.539650914943 -1107.949383869272 -1329.530130797536
      -1216.5327254640672 -645.29447103243683 -31.255391802713632
      526.767013124884 1029.2680114206016 3254.531415420297
      1181.535313915173)
     (-2318.9261815183163 -1481.2870530448381 -1789.0599685532225
      -1642.9655210635485 -841.06770344047027 -5.80516539577275
      862.53031796215555 1590.1359386969912 1181.535313915173
      4444.9100224418689)))))
 ((pools
   ((number_of_pools 2) (teams_per_pool 5) (cycles_per_pool 1)
    (multibracket ((4 2 0)))))
  ((samples 12864)
   (sums
    (7395.1601393062792 1594.5256108167566 3510.277890751915
     569.03010266887918 1449.3048495663124 -554.61491591571462
     -2115.3338894781036 -3801.7159043103575 -3202.5379122728277
     -4844.0959711331416))
   (prods
    ((8866.9320777814428 -1224.1696483607345 1441.2512184903103
      -399.13633250739576 509.51416090902683 -542.1327377232401
      -1463.2837725357897 -2441.6308977943554 -1936.5177495963148
      -2810.8263186629683)
     (-1224.1696483607345 4907.7422826212078 -123.87069921469893
      -527.491805451847 -87.192726061735982 -323.4017896993019
      -579.07830321929168 -792.14495822528193 -499.3476991693351
      -751.04465321899261)
     (1441.2512184903103 -123.87069921469893 4486.7733662068013
      -411.33681635681069 112.29266020402332 -532.97395405412044
      -934.63316164632943 -1437.3239882652965 -1054.4827312964267
      -1545.6958940674645)
     (-399.13633250739576 -527.491805451847 -411.33681635681069
      3781.005931322989 -188.4821392686371 -381.94077104420353
      -498.40865491093018 -536.767950469534 -360.03708931924859
      -477.40437199438077)
     (509.51416090902683 -87.192726061735982 112.29266020402332
      -188.4821392686371 2919.1854596641519 -341.8096094082008
      -598.48915529467217 -821.35094505565246 -646.52327242371632
      -857.14443326458422)
     (-542.1327377232401 -323.4017896993019 -532.97395405412044
      -381.94077104420353 -341.8096094082008 2744.6106755302781
      -157.97515433574947 -215.71318261329529 -179.20689513213173
      -69.456581520023775)
     (-1463.2837725357897 -579.07830321929168 -934.63316164632943
      -498.40865491093018 -598.48915529467217 -157.97515433574947
      3018.1353949397881 344.11036655087747 320.08356364358872
      549.53887680850471)
     (-2441.6308977943554 -792.14495822528193 -1437.3239882652965
      -536.767950469534 -821.35094505565246 -215.71318261329529
      344.11036655087747 3880.8027573711888 775.55740071583364
      1244.4613977855036)
     (-1936.5177495963148 -499.3476991693351 -1054.4827312964267
      -360.03708931924859 -646.52327242371632 -179.20689513213173
      320.08356364358872 775.55740071583364 2618.6015518991326
      961.87292067862109)
     (-2810.8263186629683 -751.04465321899261 -1545.6958940674645
      -477.40437199438077 -857.14443326458422 -69.456581520023775
      549.53887680850471 1244.4613977855036 961.87292067862109
      3755.6990574558045)))))
 ((pools
   ((number_of_pools 2) (teams_per_pool 5) (cycles_per_pool 1)
    (multibracket ((4 2 0 0) (2 1 0)))))
  ((samples 86914)
   (sums
    (31672.95877529787 17022.514781694506 21323.8957079731 18091.497114599359
     9458.5110190859014 -3487.3187339608894 -14489.650788890065
     -25746.786141774272 -21714.86682981062 -32130.754904214875))
   (prods
    ((31039.987474062007 -1971.832834929143 4619.4562224364208
      4671.7408650827865 2121.246223479583 -2555.67956924473
      -6627.2143693572707 -10761.814239440508 -8330.1052972329289
      -12205.784474856218)
     (-1971.832834929143 26808.556292593545 1800.1561798682078
      1237.8793475945515 -385.12568265189424 -2988.4473242653567
      -5108.1747943198116 -7314.674676797249 -4975.7148638546532
      -7102.6216432381843)
     (4619.4562224364208 1800.1561798682078 25923.322755736746
      2448.5867025344096 -112.42949068759773 -3483.4506645791412
      -6310.6250163343766 -9010.9843491181855 -6756.7157704235424
      -9117.31656943295)
     (4671.7408650827865 1237.8793475945515 2448.5867025344096
      22830.17289035923 233.65129694835707 -2963.0171408146239
      -5644.3980977643814 -8159.6958210830262 -6302.4245788738808
      -8352.49546398344)
     (2121.246223479583 -385.12568265189424 -112.42949068759773
      233.65129694835707 19661.833690625725 -2429.7127378433756
      -3819.2328780131238 -5357.7162140692117 -4372.4863751936573
      -5540.0278325947938)
     (-2555.67956924473 -2988.4473242653567 -3483.4506645791412
      -2963.0171408146239 -2429.7127378433756 18732.842710272082
      -1255.5757064370353 -1207.7702415855267 -1146.6117598049088
      -702.57756569739036)
     (-6627.2143693572707 -5108.1747943198116 -6310.6250163343766
      -5644.3980977643814 -3819.2328780131238 -1255.5757064370353
      20558.157805320705 2236.8421523748875 2199.8726025283031
      3770.3483020021022)
     (-10761.814239440508 -7314.674676797249 -9010.9843491181855
      -8159.6958210830262 -5357.7162140692117 -1207.7702415855267
      2236.8421523748875 25982.453378338712 5360.5243088180705
      8232.8357025620353)
     (-8330.1052972329289 -4975.7148638546532 -6756.7157704235424
      -6302.4245788738808 -4372.4863751936573 -1146.6117598049088
      2199.8726025283031 5360.5243088180705 17788.664208529419
      6534.997525507777)
     (-12205.784474856218 -7102.6216432381843 -9117.31656943295
      -8352.49546398344 -5540.0278325947938 -702.57756569739036
      3770.3483020021022 8232.8357025620353 6534.997525507777
      24482.642019731065)))))
 ((pools
   ((number_of_pools 2) (teams_per_pool 5) (cycles_per_pool 1)
    (multibracket ((4 0)))))
  ((samples 12410)
   (sums
    (7630.59232447973 1833.4855265182207 3859.7959372866408
     1348.5304237940436 378.3915913984506 -1510.4430027141902
     -2166.7968559077353 -3679.487803114082 -3046.6749909938126
     -4647.3931507473062))
   (prods
    ((9402.8291863622 -1013.7734661043604 1847.7171110429854
      305.3562906976772 -151.93933272923562 -1307.3923202962458
      -1610.6090917986194 -2512.0776787387927 -2020.1300287275926
      -2939.980669708023)
     (-1013.7734661043604 5158.6933468474517 106.07782997921186
      -267.17546897485408 -378.80691486204648 -696.74415269459212
      -660.942001800243 -939.31333367570028 -515.67241683749342
      -792.34342187737116)
     (1847.7171110429854 106.07782997921186 4852.5673955312632
      -102.774278824697 -281.8954836200802 -926.00386934862365
      -1147.5967437838644 -1569.6941168926471 -1084.2669376776937
      -1694.1309064058607)
     (305.3562906976772 -267.17546897485408 -102.774278824697
      3777.41588902777 -292.39942612596622 -503.05832549364709
      -753.79902138974251 -938.32378830580774 -529.240753121722
      -696.00111748901145)
     (-151.93933272923562 -378.80691486204648 -281.8954836200802
      -292.39942612596622 3096.3576821166116 -519.91665037191081
      -321.85651488958808 -319.07412499034342 -393.65495931847806
      -436.81427520896307)
     (-1307.3923202962458 -696.74415269459212 -926.00386934862365
      -503.05832549364709 -519.91665037191081 3246.7189855085453
      89.910237910955061 292.613662310887 69.903340190545919
      253.96909228407858)
