(((pools
   ((number_of_pools 1) (teams_per_pool 5) (cycles_per_pool 1)
    (multibracket ((2 1 1 1 0) (1) (2 1 0)))))
  ((samples 5557)
   (sums
    (1482.4419063810806 667.49771325203585 -345.516218819133
     -568.73759269009815 -1235.6858081238852))
   (prods
    ((1280.4863919799077 -325.07673866241907 -346.639892288411
      -242.168875463457 -366.60088556562079)
     (-325.07673866241907 1307.9393753039597 -432.54361758700873
      -290.31119853436127 -260.00782052017075)
     (-346.639892288411 -432.54361758700873 1032.2253246741061
      -154.13572277573923 -98.906092022947021)
     (-242.168875463457 -290.31119853436127 -154.13572277573923
      741.48281389098179 -54.867017117424595)
     (-366.60088556562079 -260.00782052017075 -98.906092022947021
      -54.867017117424595 780.38181522616287)))))
 ((pools
   ((number_of_pools 1) (teams_per_pool 5) (cycles_per_pool 1)
    (multibracket ((2 1 1 1 0) (1) (2 0)))))
  ((samples 3307)
   (sums
    (888.47271815682461 380.69248626138875 -157.79470020537724
     -276.06547495209054 -835.30502926074587))
   (prods
    ((774.73443409559263 -195.58501813847414 -197.0108511899372
      -128.07422313691953 -254.06434163026194)
     (-195.58501813847414 771.6322966228837 -237.2565778751123
      -145.11434753047166 -193.67635307882563)
     (-197.0108511899372 -237.2565778751123 594.68791825164146
      -89.911233558563055 -70.5092556280289)
     (-128.07422313691953 -145.11434753047166 -89.911233558563055
      418.51146319339114 -55.411658967436779)
     (-254.06434163026194 -193.67635307882563 -70.5092556280289
      -55.411658967436779 573.661609304553)))))
 ((pools
   ((number_of_pools 1) (teams_per_pool 5) (cycles_per_pool 1)
    (multibracket ((2 1 1 1 0) (1) (1)))))
  ((samples 2086)
   (sums
    (534.6284077608916 245.26542148693028 45.275140218223086
     -303.14637198150842 -522.02259748453685))
   (prods
    ((456.50014170686694 -106.0751334038024 -67.8656878017353
      -130.6947460943056 -151.86457440702367)
     (-106.0751334038024 457.47314524474746 -102.70761866256409
      -120.00469509374595 -128.68569808463513)
     (-67.8656878017353 -102.70761866256409 361.45649309991603
      -105.34408113394591 -85.539105501670647)
     (-130.6947460943056 -120.00469509374595 -105.34408113394591
      348.72088769214491 7.3226346298525486)
     (-151.86457440702367 -128.68569808463513 -85.539105501670647
      7.3226346298525486 358.76674336347685)))))
 ((pools
   ((number_of_pools 1) (teams_per_pool 5) (cycles_per_pool 1)
    (multibracket ((2 3 0 0) (2 1 0) (1)))))
  ((samples 1820)
   (sums
    (564.98117350318807 77.226007356409184 49.983454244458848
     -228.62375827107837 -463.566876832978))
   (prods
    ((534.33258915520673 -186.26984572745437 -51.3347097380766
      -128.39500493034626 -168.33302875932955)
     (-186.26984572745437 398.56202847030761 -71.4876903684627
      -75.524276333484522 -65.280216040905913)
     (-51.3347097380766 -71.4876903684627 287.44620245925836
      -82.350570670086256 -82.2732316826327)
     (-128.39500493034626 -75.524276333484522 -82.350570670086256
      297.94788354666667 -11.678031612749617)
     (-168.33302875932955 -65.280216040905913 -82.2732316826327
      -11.678031612749617 327.56450809561767)))))
 ((pools
   ((number_of_pools 1) (teams_per_pool 5) (cycles_per_pool 1)
    (multibracket ((2 3 0 0) (1) (2 0)))))
  ((samples 494)
   (sums
    (152.38115007036075 85.440169352351589 -50.057412434139913
     -58.668421072492208 -129.09548591608021))
   (prods
    ((145.10513743340269 4.3193846473329209 -65.153466101800731
      -37.86614749981463 -46.404908479120238)
     (4.3193846473329209 102.32750334908806 -37.21978668288925
      -26.777463233145006 -42.64963808038668)
     (-65.153466101800731 -37.21978668288925 111.90743179618602
      -8.95680234067823 -0.577376670817761)
     (-37.86614749981463 -26.777463233145006 -8.95680234067823
      74.061299469864039 -0.46088639622615529)
     (-46.404908479120238 -42.64963808038668 -0.577376670817761
      -0.46088639622615529 90.092809626550846)))))
 ((pools
   ((number_of_pools 1) (teams_per_pool 5) (cycles_per_pool 1)
    (multibracket ((4 0 1 0) (2 1 1 0) (1)))))
  ((samples 9223)
   (sums
    (2514.6112743717381 593.940288426276 45.397033555071239
     -893.47276748930176 -2260.4758288637845))
   (prods
    ((2204.5293741210712 -728.73768031477152 -345.55030163038583
      -423.43707679088305 -706.8043153850308)
     (-728.73768031477152 1904.6224011295772 -481.53351129793475
      -342.2545891276996 -352.09662038917037)
     (-345.55030163038583 -481.53351129793475 1541.5261141590881
      -382.15386516949843 -332.28843606126958)
     (-423.43707679088305 -342.2545891276996 -382.15386516949843
      1278.0302045914084 -130.18467350332719)
     (-706.8043153850308 -352.09662038917037 -332.28843606126958
      -130.18467350332719 1521.3740453387977)))))
 ((pools
   ((number_of_pools 1) (teams_per_pool 5) (cycles_per_pool 1)
    (multibracket ((4 0 1 0) (2 0) (1)))))
  ((samples 1027)
   (sums
    (265.75699456177227 115.88507848251714 71.836707518297544
     -119.72642613973829 -333.75235442284873))
   (prods
    ((230.6682197441242 -65.7877610182009 -5.4931209688082472
      -52.610306583227526 -106.77703117388752)
     (-65.7877610182009 238.74232419643431 -34.825712898583816
      -54.520358813678342 -83.60849146597117)
     (-5.4931209688082472 -34.825712898583816 169.46466892216318
      -58.144977182394335 -71.000857872376827)
     (-52.610306583227526 -54.520358813678342 -58.144977182394335
      169.39311316134467 -4.1174705820445086)
     (-106.77703117388752 -83.60849146597117 -71.000857872376827
      -4.1174705820445086 265.50385109428009)))))
 ((pools
   ((number_of_pools 1) (teams_per_pool 5) (cycles_per_pool 1)
    (multibracket ((4 0 1 0) (1) (2 1 0)))))
  ((samples 2069)
   (sums
    (562.69962333463275 288.71415045917712 -142.49075620398051
     -210.9513714127003 -497.97164617712912))
   (prods
    ((494.92138271955173 -104.73741153845587 -144.18433774311714
      -95.705162930462 -150.29447050751673)
     (-104.73741153845587 507.76573013979277 -175.47072737152382
      -102.26077604858295 -125.2968151812301)
     (-144.18433774311714 -175.47072737152382 422.42627329972595
      -63.214612396665466 -39.556595788419443)
     (-95.705162930462 -102.26077604858295 -63.214612396665466
      282.29089572386283 -21.110344348152523)
     (-150.29447050751673 -125.2968151812301 -39.556595788419443
      -21.110344348152523 336.25822582531885)))))
 ((pools
   ((number_of_pools 1) (teams_per_pool 5) (cycles_per_pool 1)
    (multibracket ((4 0 1 0) (1) (1)))))
  ((samples 1094)
   (sums
    (301.68949350071739 117.69374838365846 60.795916417408804
     -121.1104614907272 -359.06869681105741))
   (prods
    ((270.40593612161405 -66.091420609063277 -17.665484561596564
      -66.877988096115558 -119.77104285483873)
     (-66.091420609063277 247.37225985874613 -51.053273228179961
      -48.15709276878259 -82.07047325272022)
     (-17.665484561596564 -51.053273228179961 198.41464538669905
      -56.821225904299652 -72.874661692622837)
     (-66.877988096115558 -48.15709276878259 -56.821225904299652
      175.69744411267516 -3.8411373434773539)
     (-119.77104285483873 -82.07047325272022 -72.874661692622837
      -3.8411373434773539 278.55731514365914)))))
 ((pools
   ((number_of_pools 1) (teams_per_pool 5) (cycles_per_pool 1)
    (multibracket ((2 1 1 0) (2 1 1 0) (1)))))
  ((samples 16723)
   (sums
    (4291.5704683558224 1155.7979952748547 134.34048722550614
     -1701.7375148396632 -3879.9714360165221))
   (prods
    ((3698.6857835280762 -1269.1783925688655 -548.02028127964741
      -714.64536165264872 -1166.8417480269131)
     (-1269.1783925688655 3408.2779374176516 -843.680773409761
      -698.98416343438862 -596.434608004636)
     (-548.02028127964741 -843.680773409761 2713.3486349481482
      -731.49806278734548 -590.1495174713948)
     (-714.64536165264872 -698.98416343438862 -731.49806278734548
      2327.7105178810975 -182.58293000671193)
     (-1166.8417480269131 -596.434608004636 -590.1495174713948
      -182.58293000671193 2536.0088035096546)))))
 ((pools
   ((number_of_pools 1) (teams_per_pool 5) (cycles_per_pool 1)
    (multibracket ((2 1 1 0) (2 1 0) (1)))))
  ((samples 5557)
   (sums
    (1492.0760599941282 430.80180260465033 73.268985801608878
     -479.3329590457389 -1516.8138893546479))
   (prods
    ((1299.2812960879546 -394.3551747452027 -204.75525749072816
      -207.28972416912148 -492.8811396829023)
     (-394.3551747452027 1184.6509094832347 -288.53515467126
      -202.76198784177785 -298.99859222499356)
     (-204.75525749072816 -288.53515467126 958.71231363812444
      -228.14909593397994 -237.27280554215633)
     (-207.28972416912148 -202.76198784177785 -228.14909593397994
      725.44322026237558 -87.242412317496388)
     (-492.8811396829023 -298.99859222499356 -237.27280554215633
      -87.242412317496388 1116.3949497675487)))))
 ((pools
   ((number_of_pools 1) (teams_per_pool 5) (cycles_per_pool 1)
    (multibracket ((2 1 1 0) (2 0) (1)))))
  ((samples 2419)
   (sums
    (625.05133226189048 226.40632949473394 144.04539071876775
     -325.0743260570278 -670.42872641836425))
   (prods
    ((538.34943709278934 -159.18584588567816 -34.830800614773615
      -138.81614192539553 -205.516648666942)
     (-159.18584588567816 510.1655289929397 -91.059643365638365
      -113.85348296509903 -146.06655677652412)
     (-34.830800614773615 -91.059643365638365 402.89053599038363
      -138.76308399384607 -138.23700801612557)
     (-138.81614192539553 -113.85348296509903 -138.76308399384607
      392.83076087190369 -1.3980519875632011)
     (-205.516648666942 -146.06655677652412 -138.23700801612557
      -1.3980519875632011 491.21826544715486)))))
 ((pools
   ((number_of_pools 1) (teams_per_pool 5) (cycles_per_pool 1)
    (multibracket ((2 1 1 0) (1) (2 1 0)))))
  ((samples 4307)
   (sums
    (1149.9019522590197 502.1760696526818 -233.91326888524952
     -420.58047642428369 -997.584276602168))
   (prods
    ((996.514784453629 -235.57332887128021 -275.03327596448969
      -186.88073208795464 -299.02744752990458)
     (-235.57332887128021 977.676631776177 -319.82344387412593
      -217.35821687770527 -204.92164215306559)
     (-275.03327596448969 -319.82344387412593 809.75997815667461
      -133.45066572635847 -81.452592591700451)
     (-186.88073208795464 -217.35821687770527 -133.45066572635847
      594.95192149662012 -57.26230680460182)
     (-299.02744752990458 -204.92164215306559 -81.452592591700451
      -57.26230680460182 642.66398907927226)))))
 ((pools
   ((number_of_pools 1) (teams_per_pool 5) (cycles_per_pool 1)
    (multibracket ((2 1 1 0) (1) (2 0)))))
  ((samples 2523)
   (sums
    (661.33173546810826 324.55612265797288 -81.764460024074481
     -207.87047063657218 -696.25292746543437))
   (prods
    ((573.1160400863273 -122.44103622196383 -142.9834377218846
      -89.557684403022478 -218.13388173945631)
     (-122.44103622196383 579.02653136823722 -174.41708880669518
      -118.71322411537085 -163.45518222420733)
     (-142.9834377218846 -174.41708880669518 484.60252051344418
      -75.155034054069318 -92.046959930795168)
     (-89.557684403022478 -118.71322411537085 -75.155034054069318
      326.47126891225827 -43.045326339795615)
     (-218.13388173945631 -163.45518222420733 -92.046959930795168
      -43.045326339795615 516.6813502342543)))))
 ((pools
   ((number_of_pools 1) (teams_per_pool 5) (cycles_per_pool 1)
    (multibracket ((2 1 1 0) (1) (1)))))
  ((samples 2086)
   (sums
    (532.85699628553459 240.25439914056184 80.864577080763539
     -285.207789349181 -568.768183157679))
   (prods
    ((458.65522620149818 -102.87436448309779 -62.583844259559577
      -117.93944172485462 -175.25757573398622)
     (-102.87436448309779 452.26345716417904 -97.00025215534599
      -121.46869936589661 -130.92014115983866)
     (-62.583844259559577 -97.00025215534599 371.29273889131031
      -96.505836619869456 -115.20280585653515)
     (-117.93944172485462 -121.46869936589661 -96.505836619869456
      333.2038203390332 2.7101573715874636)
     (-175.25757573398622 -130.92014115983866 -115.20280585653515
      2.7101573715874636 418.67036537877254)))))
 ((pools
   ((number_of_pools 1) (teams_per_pool 5) (cycles_per_pool 1)
    (multibracket ((4 0 0) (4 0 0) (1)))))
  ((samples 1027)
   (sums
    (303.2230436289251 75.949528689743175 42.206368266498536
     -79.62092212523217 -341.75801845993453))
   (prods
    ((271.804958019608 -82.285237660421316 -29.948254272944546
      -37.809339307989262 -121.76212677825278)
     (-82.285237660421316 227.14666998193945 -32.962114391385377
      -42.459175438245261 -69.440142491887457)
     (-29.948254272944546 -32.962114391385377 177.43339518331044
      -49.202262014603626 -65.320764504376868)
     (-37.809339307989262 -42.459175438245261 -49.202262014603626
      145.22189076483281 -15.75111400399464)
     (-121.76212677825278 -69.440142491887457 -65.320764504376868
      -15.75111400399464 272.2741477785118)))))
 ((pools
   ((number_of_pools 1) (teams_per_pool 5) (cycles_per_pool 1)
    (multibracket ((4 0 0) (2 1 0) (2 1 0)))))
  ((samples 2469)
   (sums
    (767.38211212836541 174.93638741118326 -140.47881851351795
     -241.86139420074002 -559.97828682529064))
   (prods
    ((720.70471545918519 -213.26981364548664 -186.06075468937954
      -126.24484212934661 -195.12930499497233)
     (-213.26981364548664 547.8229092917245 -146.24082349723275
      -92.931157190412449 -95.38111495859259)
     (-186.06075468937954 -146.24082349723275 436.47895128882095
      -70.330055235381465 -33.8473178668272)
     (-126.24484212934661 -92.931157190412449 -70.330055235381465
      329.502516955989 -39.996462400848493)
     (-195.12930499497233 -95.38111495859259 -33.8473178668272
      -39.996462400848493 364.3542002212406)))))
 ((pools
   ((number_of_pools 1) (teams_per_pool 5) (cycles_per_pool 1)
    (multibracket ((4 0 0) (2 1 0) (2 0)))))
  ((samples 1702)
   (sums
    (515.4855312744279 112.69869932987282 -25.836993165940331
     -145.66011998554569 -456.68711745281473))
   (prods
    ((471.27816240866855 -138.6359624406351 -100.52652721995656
      -74.5412386042573 -157.57443414381959)
     (-138.6359624406351 357.7674454562225 -75.228432667798842
      -52.263748483267051 -91.639301864521457)
     (-100.52652721995656 -75.228432667798842 289.10393832308614
      -56.522067227317464 -56.82691120801325)
     (-74.5412386042573 -52.263748483267051 -56.522067227317464
      211.13213845508216 -27.805084140240364)
     (-157.57443414381959 -91.639301864521457 -56.82691120801325
      -27.805084140240364 333.84573135659468)))))
 ((pools
   ((number_of_pools 1) (teams_per_pool 5) (cycles_per_pool 1)
    (multibracket ((4 0 0) (2 1 0) (1)))))
  ((samples 1649)
   (sums
    (488.3646786911595 114.16632335641457 45.736481609762208
     -179.40764104390274 -468.8598426134335))
   (prods
    ((437.8894698552362 -131.04013918358478 -53.332353277447091
      -94.733650912304086 -158.78332648190016)
     (-131.04013918358478 345.4708675225919 -67.982971130635889
      -65.893179156296668 -80.554578052074447)
     (-53.332353277447091 -67.982971130635889 296.10555885246856
      -84.479005630717936 -90.3112288136676)
     (-94.733650912304086 -65.893179156296668 -84.479005630717936
      255.55845322042106 -10.452617521102404)
     (-158.78332648190016 -80.554578052074447 -90.3112288136676
      -10.452617521102404 340.1017508687446)))))
 ((pools
   ((number_of_pools 1) (teams_per_pool 5) (cycles_per_pool 1)
    (multibracket ((4 0 0) (1) (2 0)))))
  ((samples 494)
   (sums
    (149.973036903565 93.57844706829303 -55.936709197246287
     -52.904955363639949 -134.70981941097176))
   (prods
    ((138.9597548155206 7.888831532094752 -66.220832719532211
      -32.7627309986995 -47.86502262938361)
     (7.888831532094752 107.08589078145616 -51.004366039634206
      -27.298373682670103 -36.671982591246582)
     (-66.220832719532211 -51.004366039634206 127.80773207935793
      -6.1997906799002624 -4.3827426402912391)
     (-32.7627309986995 -27.298373682670103 -6.1997906799002624
      70.385257889724528 -4.1243625284546681)
     (-47.86502262938361 -36.671982591246582 -4.3827426402912391
      -4.1243625284546681 93.0441103893761)))))
 ((pools
   ((number_of_pools 1) (teams_per_pool 5) (cycles_per_pool 1)
    (multibracket ((2 1 0) (2 1 1 0) (2 1 0)))))
  ((samples 11723)
   (sums
    (3250.6448786986357 779.87425889044835 -393.08708123309009
     -1073.6650394376431 -2563.7670169183502))
   (prods
    ((2862.8472428524565 -954.27467271498426 -638.59253261818549
      -461.67719347535177 -808.30284404393524)
     (-954.27467271498426 2478.007678172487 -685.62002421102136
      -459.59622138752388 -378.51675985895713)
     (-638.59253261818549 -685.62002421102136 1975.9602875647404
      -386.95194635015696 -264.7957843853751)
     (-461.67719347535177 -459.59622138752388 -386.95194635015696
      1483.0861789923274 -174.86081777929459)
     (-808.30284404393524 -378.51675985895713 -264.7957843853751
      -174.86081777929459 1626.4762060675614)))))
 ((pools
   ((number_of_pools 1) (teams_per_pool 5) (cycles_per_pool 1)
    (multibracket ((2 1 0) (2 1 1 0) (2 0)))))
  ((samples 7223)
   (sums
    (2031.1908806203187 495.186205320318 -158.23576285662793
     -546.034649414101 -1822.1066736699077))
   (prods
    ((1795.6999505350502 -590.05241890334332 -337.18485708905735
      -262.45201102350831 -606.0106635191413)
     (-590.05241890334332 1537.8970185105611 -400.42458310105013
      -231.14676866185479 -316.27324784431289)
     (-337.18485708905735 -400.42458310105013 1194.7575525186062
      -250.66768394582829 -206.48042838267011)
     (-262.45201102350831 -231.14676866185479 -250.66768394582829
      878.92550229445942 -134.65903866326786)
     (-606.0106635191413 -316.27324784431289 -206.48042838267011
      -134.65903866326786 1263.4233784093926)))))
 ((pools
   ((number_of_pools 1) (teams_per_pool 5) (cycles_per_pool 1)
    (multibracket ((2 1 0) (2 1 1 0) (1)))))
  ((samples 4307)
   (sums
    (1217.9800355394682 269.96046833338551 54.879377588630106
     -453.029312666569 -1089.7905687949149))
   (prods
    ((1074.8227669330231 -357.46676888583204 -151.75810506105421
      -206.38238215595226 -359.21551083018471)
     (-357.46676888583204 908.51280881375283 -193.87277118721028
      -178.69202756052255 -178.48124118018782)
     (-151.75810506105421 -193.87277118721028 705.27648822503579
      -182.11795127496015 -177.52766070181107)
     (-206.38238215595226 -178.69202756052255 -182.11795127496015
      605.97734145133711 -38.784980459902336)
     (-359.21551083018471 -178.48124118018782 -177.52766070181107
      -38.784980459902336 754.00939317208577)))))
 ((pools
   ((number_of_pools 1) (teams_per_pool 5) (cycles_per_pool 1)
    (multibracket ((2 1 0) (4 0 0) (1)))))
  ((samples 1770)
   (sums
    (468.80062208043586 172.97285589059882 87.792562832979939
     -142.64637668472577 -586.91966411928911))
   (prods
    ((399.49645747091841 -117.88923500962734 -45.828936124142245
      -63.571583802539564 -172.20670253460915)
     (-117.88923500962734 380.70383856134674 -55.590238708722211
      -75.361124428940158 -131.86324041405703)
     (-45.828936124142245 -55.590238708722211 328.61614080351603
      -82.799944814351321 -144.3970211563003)
     (-63.571583802539564 -75.361124428940158 -82.799944814351321
      245.64936845768381 -23.916715411852785)
     (-172.20670253460915 -131.86324041405703 -144.3970211563003
      -23.916715411852785 472.38367951681948)))))
 ((pools
   ((number_of_pools 1) (teams_per_pool 5) (cycles_per_pool 1)
    (multibracket ((2 1 0) (2 1 0) (2 1 0)))))
  ((samples 11723)
   (sums
    (3250.6448786986357 829.141046088486 -425.7051574302921
     -1027.5033080924343 -2626.5774592643952))
   (prods
    ((2862.8472428524565 -904.73979032678972 -669.37353035514445
      -456.43364447686957 -832.30027769365256)
     (-904.73979032678972 2446.8118773330293 -694.09354918068516
      -422.16089552549931 -425.81764230005541)
     (-669.37353035514445 -694.09354918068516 2013.5730449866251
      -395.11372702527859 -254.99223842551555)
     (-456.43364447686957 -422.16089552549931 -395.11372702527859
      1457.0271253152359 -183.31885828758806)
     (-832.30027769365256 -425.81764230005541 -254.99223842551555
      -183.31885828758806 1696.4290167068116)))))
 ((pools
   ((number_of_pools 1) (teams_per_pool 5) (cycles_per_pool 1)
    (multibracket ((2 1 0) (2 1 0) (2 0)))))
  ((samples 3307)
   (sums
    (937.99262840406277 237.52687025159719 -20.723578140726396
     -244.87706885165022 -909.91885166328348))
   (prods
    ((828.76233329010245 -267.36817607753778 -146.68389004193
      -115.14622555327932 -299.5640416173556)
     (-267.36817607753778 699.79441969333106 -167.51261609132794
      -93.670741556672425 -171.24288596779297)
     (-146.68389004193 -167.51261609132794 559.32114775954778
      -123.87449408128685 -121.25014754500286)
     (-115.14622555327932 -93.670741556672425 -123.87449408128685
      413.57079811953287 -80.87933692829435)
     (-299.5640416173556 -171.24288596779297 -121.25014754500286
      -80.87933692829435 672.93641205844563)))))
 ((pools
   ((number_of_pools 1) (teams_per_pool 5) (cycles_per_pool 1)
    (multibracket ((2 1 0) (2 1 0) (1)))))
  ((samples 2523)
   (sums
    (708.38973752744391 180.78356262294849 61.921220274160163
     -254.8415929591182 -696.25292746543437))
   (prods
    ((621.49216855150985 -210.33227162362084 -63.711102918863375
      -117.12327453253086 -230.3255194764948)
     (-210.33227162362084 540.38581072796455 -100.38343726386894
      -100.86074870578506 -128.80935313468959)
     (-63.711102918863375 -100.38343726386894 412.29474980554409
      -120.4359391123098 -127.76427051050194)
     (-117.12327453253086 -100.86074870578506 -120.4359391123098
      368.20216946319368 -29.782207112568056)
     (-230.3255194764948 -128.80935313468959 -127.76427051050194
      -29.782207112568056 516.6813502342543)))))
 ((pools
   ((number_of_pools 1) (teams_per_pool 5) (cycles_per_pool 1)
    (multibracket ((2 1 0) (2 0) (2 1 0)))))
  ((samples 2069)
   (sums
    (574.25645722406944 254.08819867134542 -96.4240179089378
     -210.62037640572129 -521.30026158075611))
   (prods
    ((505.91278967552108 -99.247855115996742 -137.86250882124205
      -103.63183965606169 -165.17058608222058)
     (-99.247855115996742 466.25555423355536 -148.48871804987942
      -88.976755653028647 -129.54222541465057)
     (-137.86250882124205 -148.48871804987942 407.36880319897267
      -75.194591724964724 -45.822984602886372)
     (-103.63183965606169 -88.976755653028647 -75.194591724964724
      285.01899827525608 -17.215811241201074)
     (-165.17058608222058 -129.54222541465057 -45.822984602886372
      -17.215811241201074 357.75160734095857)))))
 ((pools
   ((number_of_pools 1) (teams_per_pool 5) (cycles_per_pool 1)
    (multibracket ((2 1 0) (2 0) (2 0)))))
  ((samples 2019)
   (sums
    (540.19377415309509 260.43980568029349 -74.24175298445968
     -157.54795892354946 -568.84386792537941))
   (prods
    ((465.94317105343509 -82.52061922671794 -125.31937543439778
      -77.627502588859841 -180.47567380345956)
     (-82.52061922671794 437.25271636285368 -139.70382906943792
      -77.5443131363179 -137.48395493037987)
     (-125.31937543439778 -139.70382906943792 400.96792036847557
      -67.70001648988098 -68.2446993747588)
     (-77.627502588859841 -77.5443131363179 -67.70001648988098
      256.45534175160196 -33.583509536543289)
     (-180.47567380345956 -137.48395493037987 -68.2446993747588
      -33.583509536543289 419.78783764514139)))))
 ((pools
   ((number_of_pools 1) (teams_per_pool 5) (cycles_per_pool 1)
    (multibracket ((2 1 0) (2 0) (1)))))
  ((samples 694)
   (sums
    (174.35273923821879 93.723004534037884 71.113687245118143
     -151.45036045306418 -187.73907056431065))
   (prods
    ((150.23613936339237 -23.819001682707853 3.0992195902254069
      -72.59691831681809 -56.919438954091845)
     (-23.819001682707853 139.40393760834408 -10.094296306173536
      -63.5563189841162 -41.934320635346481)
     (3.0992195902254069 -10.094296306173536 105.11144534655955
      -48.609483578772483 -49.506885051838935)
     (-72.59691831681809 -63.5563189841162 -48.609483578772483
      167.29346457111876 17.469256308588044)
     (-56.919438954091845 -41.934320635346481 -49.506885051838935
      17.469256308588044 130.89138833268925)))))
 ((pools
   ((number_of_pools 1) (teams_per_pool 5) (cycles_per_pool 1)
    (multibracket ((2 1 0) (1) (2 1 0)))))
  ((samples 1770)
   (sums
    (468.80062208043586 263.15748379384667 -93.732151043575058
     -184.62821432209972 -453.59774050860796))
   (prods
    ((399.49645747091841 -66.63351361257898 -115.88413375868683
      -78.000640959183258 -138.97816914046936)
     (-66.63351361257898 399.08223090173522 -118.11149907484911
      -86.922763275802907 -127.41445493850418)
     (-115.88413375868683 -118.11149907484911 335.26420614227493
      -62.928893799555688 -38.339679509183483)
     (-78.000640959183258 -86.922763275802907 -62.928893799555688
      244.66388666374655 -16.811588629204731)
     (-138.97816914046936 -127.41445493850418 -38.339679509183483
      -16.811588629204731 321.5438922173617)))))
 ((pools
   ((number_of_pools 1) (teams_per_pool 5) (cycles_per_pool 1)
    (multibracket ((2 1 0) (1) (2 0)))))
  ((samples 1265)
   (sums
    (330.06811878739921 217.00670619819968 -82.256730427129241
     -108.03931764990045 -356.77877690856928))
   (prods
    ((283.60947550380479 -17.909539516843783 -109.77841477520185
      -50.460947342277869 -105.46057386948124)
     (-17.909539516843783 281.20897095480689 -103.8519131782229
      -62.334374961497844 -97.113143298242463)
     (-109.77841477520185 -103.8519131782229 298.428517104309
      -47.081070788519511 -37.717118362364637)
     (-50.460947342277869 -62.334374961497844 -47.081070788519511
      174.86267440877367 -14.986281316478443)
     (-105.46057386948124 -97.113143298242463 -37.717118362364637
      -14.986281316478443 255.27711684656671)))))
 ((pools
   ((number_of_pools 1) (teams_per_pool 5) (cycles_per_pool 1)
    (multibracket ((2 1 0) (1) (1)))))
  ((samples 894)
   (sums
    (245.23266754219216 124.63829099463615 59.232763848093619
     -192.80904448096538 -236.29467790395654))
   (prods
    ((222.45475237208069 -39.935424312313081 -12.94005116780448
      -95.037427044338813 -74.5418498476244)
     (-39.935424312313081 205.1498946326405 -24.825634969012576
      -82.66023857111378 -57.728596780201016)
     (-12.94005116780448 -24.825634969012576 146.82481147577022
      -56.246180761810542 -52.812944577142609)
     (-95.037427044338813 -82.66023857111378 -56.246180761810542
      213.33499336368465 20.608853013578496)
     (-74.5418498476244 -57.728596780201016 -52.812944577142609
      20.608853013578496 164.47453819138957)))))
 ((pools
   ((number_of_pools 1) (teams_per_pool 5) (cycles_per_pool 1)
    (multibracket ((2 0) (2 1 1 0) (2 1 0)))))
  ((samples 2540)
   (sums
    (791.867736096305 144.79970527385936 -112.98826994288892
     -256.192951930623 -567.486219496652))
   (prods
    ((739.22472044017 -246.30216772381806 -162.35064254166863
      -128.51391239957806 -202.05799777510532)
     (-246.30216772381806 578.55331506590619 -151.20349339080019
      -97.342173975970823 -83.705479975317019)
     (-162.35064254166863 -151.20349339080019 434.99431736197471
      -72.841564233962288 -48.598617195543625)
     (-128.51391239957806 -97.342173975970823 -72.841564233962288
      330.09607587307255 -31.398425263561379)
     (-202.05799777510532 -83.705479975317019 -48.598617195543625
      -31.398425263561379 365.76052020952721)))))
 ((pools
   ((number_of_pools 1) (teams_per_pool 5) (cycles_per_pool 1)
    (multibracket ((2 0) (2 1 1 0) (2 0)))))
  ((samples 2419)
   (sums
    (754.33785904157821 136.33070481157114 -81.819264292513253
     -200.95543443466738 -607.89386512596877))
   (prods
    ((705.11651738203159 -231.41059836699065 -134.5529353637867
      -130.60535262783389 -208.54763102342042)
     (-231.41059836699065 547.748982216172 -138.72696390925756
      -67.7965925844048 -109.81482735551891)
     (-134.5529353637867 -138.72696390925756 398.57969966169674
      -70.912945322076752 -54.386855066575862)
     (-130.60535262783389 -67.7965925844048 -70.912945322076752
      310.08052423552408 -40.765633701208742)
     (-208.54763102342042 -109.81482735551891 -54.386855066575862
      -40.765633701208742 413.51494714672396)))))
 ((pools
   ((number_of_pools 1) (teams_per_pool 5) (cycles_per_pool 1)
    (multibracket ((2 0) (2 1 1 0) (1)))))
  ((samples 1265)
   (sums
    (381.03160254563511 70.219948739404927 41.488555689304569
     -170.71312663471176 -322.02698033963287))
   (prods
    ((352.63308835028158 -121.8500405054457 -40.277213728580257
      -83.784427359851108 -106.72140675640458)
     (-121.8500405054457 286.48279919997583 -48.637506337588874
      -52.512926824918218 -63.482325532022983)
     (-40.277213728580257 -48.637506337588874 213.23257397115765
      -67.8751303324964 -56.442723572492106)
     (-83.784427359851108 -52.512926824918218 -67.8751303324964
      199.69207837738168 4.4804061398840549)
     (-106.72140675640458 -63.482325532022983 -56.442723572492106
      4.4804061398840549 222.16604972103562)))))
 ((pools
   ((number_of_pools 1) (teams_per_pool 5) (cycles_per_pool 1)
    (multibracket ((2 0) (4 0 0) (2 1 0)))))
  ((samples 1386)
   (sums
    (418.56147960036196 114.28322901934794 -40.92852546601582
     -135.069653945414 -356.84652920827989))
   (prods
    ((386.74129140842007 -119.08430505210002 -78.664183034504617
      -78.235529803363676 -110.75727351845168)
     (-119.08430505210002 323.2346559660167 -90.77400958261579
      -46.992907383622764 -66.383433947678157)
     (-78.664183034504617 -90.77400958261579 258.44272882742905
      -44.607658234499 -44.396877975809588)
     (-78.235529803363676 -46.992907383622764 -44.607658234499
      189.385357110597 -19.549261689111653)
     (-110.75727351845168 -66.383433947678157 -44.396877975809588
      -19.549261689111653 241.08684713105112)))))
 ((pools
   ((number_of_pools 1) (teams_per_pool 5) (cycles_per_pool 1)
    (multibracket ((2 0) (4 0 0) (1)))))
  ((samples 1128)
   (sums
    (349.91469047644637 92.897343009796174 60.402406789604242
     -115.70117968521669 -387.51326059063013))
   (prods
    ((337.37031318669744 -104.54020456650834 -21.516877732352569
      -65.053004674296645 -146.26022621353991)
     (-104.54020456650834 259.88592958175417 -35.1230324420444
      -46.274173446922639 -73.948519126278811)
     (-21.516877732352569 -35.1230324420444 193.63699049494048
      -57.222907571828692 -79.774172748714818)
     (-65.053004674296645 -46.274173446922639 -57.222907571828692
      181.92530836416262 -13.375222671114676)
     (-146.26022621353991 -73.948519126278811 -79.774172748714818
      -13.375222671114676 313.35814075964822)))))
 ((pools
   ((number_of_pools 1) (teams_per_pool 5) (cycles_per_pool 1)
    (multibracket ((2 0) (2 1 0) (2 1 0)))))
  ((samples 2190)
   (sums
    (685.98758845196949 136.56909088890737 -91.847165424062553
     -222.18426809922323 -508.525245817591))
   (prods
    ((644.81949066938012 -203.88085111282322 -145.80174714158386
      -126.71884715539596 -168.41804525957696)
     (-203.88085111282322 489.10899679452211 -122.05502856636758
      -79.074250949386212 -84.098866165945)
     (-145.80174714158386 -122.05502856636758 382.59125646810111
      -68.498708762526576 -46.23577199762304)
     (-126.71884715539596 -79.074250949386212 -68.498708762526576
      302.89553601344983 -28.603729146141113)
     (-168.41804525957696 -84.098866165945 -46.23577199762304
      -28.603729146141113 327.356412569286)))))
 ((pools
   ((number_of_pools 1) (teams_per_pool 5) (cycles_per_pool 1)
    (multibracket ((2 0) (2 1 0) (2 0)))))
  ((samples 2019)
   (sums
    (620.6043953922217 124.81734596701143 -22.7975160562844
     -153.7803573775692 -568.84386792537941))
   (prods
    ((571.4688477420508 -176.80280463182476 -103.7480838388631
      -83.8596985741615 -207.05826069720149)
     (-176.80280463182476 441.89627666926083 -107.93171528814082
      -60.999596848101817 -96.162159901193434)
     (-103.7480838388631 -107.93171528814082 357.04643049003937
      -74.3296670921982 -71.036964270837231)
     (-83.8596985741615 -60.999596848101817 -74.3296670921982
      264.71941529037076 -45.530452775909339)
     (-207.05826069720149 -96.162159901193434 -71.036964270837231
      -45.530452775909339 419.78783764514139)))))
 ((pools
   ((number_of_pools 1) (teams_per_pool 5) (cycles_per_pool 1)
    (multibracket ((2 0) (2 1 0) (1)))))
  ((samples 1265)
   (sums
    (381.03160254563511 66.837889461442032 67.5873061456688
     -158.67802124417659 -356.77877690856928))
   (prods
    ((352.63308835028158 -121.89623685797699 -29.234090898989592
      -77.862191831690438 -123.64056876162465)
     (-121.89623685797699 279.25334144656847 -49.454376841837451
      -54.0453412787065 -53.857386468047544)
     (-29.234090898989592 -49.454376841837451 227.83226961836351
      -71.370090215023026 -77.773711662513364)
     (-77.862191831690438 -54.0453412787065 -71.370090215023026
      203.28307327980119 -0.0054499543811807882)
     (-123.64056876162465 -53.857386468047544 -77.773711662513364
      -0.0054499543811807882 255.27711684656671)))))
 ((pools
   ((number_of_pools 1) (teams_per_pool 5) (cycles_per_pool 1)
    (multibracket ((2 0) (2 0) (2 1 0)))))
  ((samples 1265)
   (sums
    (381.03160254563511 131.51265659897877 -73.095504264723758
     -117.42177454025725 -322.02698033963287))
   (prods
    ((352.63308835028158 -78.728640278425786 -101.91774313275674
      -65.265298182694536 -106.72140675640458)
     (-78.728640278425786 286.91604874073857 -85.4963859883483
      -46.752014328270562 -75.939008145694046)
     (-101.91774313275674 -85.4963859883483 254.66528893354823
      -45.345734914318086 -21.905424898125048)
     (-65.265298182694536 -46.752014328270562 -45.345734914318086
      174.96325734609508 -17.600209920811942)
     (-106.72140675640458 -75.939008145694046 -21.905424898125048
      -17.600209920811942 222.16604972103562)))))
 ((pools
   ((number_of_pools 1) (teams_per_pool 5) (cycles_per_pool 1)
    (multibracket ((2 0) (2 0) (2 0)))))
  ((samples 1366)
   (sums
    (426.52448238776424 133.23639589954297 -56.953084880071444
     -130.70274605794719 -372.10504734928855))
   (prods
    ((408.668469320672 -105.04699084575179 -95.4744195288925
      -70.5276875879677 -137.61937135806005)
     (-105.04699084575179 324.62598727193574 -87.410639577854269
      -62.977865306269955 -69.1904915420598)
     (-95.4744195288925 -87.410639577854269 267.83903813180416
      -35.566714408774942 -49.387264616282444)
     (-70.5276875879677 -62.977865306269955 -35.566714408774942
      187.54524964897439 -18.472982345961864)
     (-137.61937135806005 -69.1904915420598 -49.387264616282444
      -18.472982345961864 274.67010986236414)))))
 ((pools
   ((number_of_pools 1) (teams_per_pool 5) (cycles_per_pool 1)
    (multibracket ((2 0) (2 0) (1)))))
  ((samples 494)
   (sums
    (142.17755331250783 54.724402542531919 41.379845357380447
     -103.5719818014484 -134.70981941097176))
   (prods
    ((135.72522393634662 -31.567868339145992 -7.35771832659831
      -48.46989274936616 -48.329744521236151)
     (-31.567868339145992 110.52138621193834 -3.7525075488904114
      -49.936876944238023 -25.264133379663903)
     (-7.35771832659831 -3.7525075488904114 76.116611108914228
      -32.61370627209412 -32.392678961331377)
     (-48.46989274936616 -49.936876944238023 -32.61370627209412
      118.07802949284299 12.942446472855355)
     (-48.329744521236151 -25.264133379663903 -32.392678961331377
      12.942446472855355 93.0441103893761)))))
 ((pools
   ((number_of_pools 1) (teams_per_pool 5) (cycles_per_pool 1)
    (multibracket ((2 0) (1) (2 1 0)))))
  ((samples 878)
   (sums
    (269.27687867734647 144.28348002199311 -76.6444787113017
     -112.9533273086471 -223.96255267939083))
   (prods
    ((252.21121054935594 -33.781446519040358 -89.142244570345468
      -53.8094067274707 -75.4781127324994)
     (-33.781446519040358 237.57691179963524 -78.956635678034672
      -59.287914400108832 -65.550915202451392)
     (-89.142244570345468 -78.956635678034672 202.09134286954503
      -19.541274694164983 -14.451187926999943)
     (-53.8094067274707 -59.287914400108832 -19.541274694164983
      129.70232802220227 2.9362677995421858)
     (-75.4781127324994 -65.550915202451392 -14.451187926999943
      2.9362677995421858 152.54394806240856)))))
 ((pools
   ((number_of_pools 1) (teams_per_pool 5) (cycles_per_pool 1)
    (multibracket ((2 0) (1) (2 0)))))
  ((samples 494)
   (sums
    (142.17755331250783 91.531267570606715 -36.156480936761056
     -62.842520535381716 -134.70981941097176))
   (prods
    ((135.72522393634662 -10.433753268649127 -49.721864186783918
      -27.239861959677427 -48.329744521236151)
     (-10.433753268649127 128.98029138343486 -45.006836332535542
      -39.40883150940477 -34.130870272845421)
     (-49.721864186783918 -45.006836332535542 119.47198395787535
      -9.8108741783000877 -14.932409260255753)
     (-27.239861959677427 -39.40883150940477 -9.8108741783000877
      72.110653982421056 4.3489136649612359)
     (-48.329744521236151 -34.130870272845421 -14.932409260255753
      4.3489136649612359 93.0441103893761)))))
 ((pools
   ((number_of_pools 1) (teams_per_pool 5) (cycles_per_pool 1)
    (multibracket ((2 0) (1) (1)))))
  ((samples 322)
   (sums
    (95.473697315270414 58.493163485803855 2.0182403152646895
     -64.411997523765066 -91.573103592573858))
   (prods
    ((90.060566373093934 -9.12825398325544 -16.244941944333448
      -29.89775315375573 -34.789617291749323)
     (-9.12825398325544 81.937600613118576 -15.23297014871426
      -34.620350834614051 -22.956025646534826)
     (-16.244941944333448 -15.23297014871426 61.279211251578253
      -13.566589289723503 -16.234709868807045)
     (-29.89775315375573 -34.620350834614051 -13.566589289723503
      70.197809570006768 7.8868837080865539)
     (-34.789617291749323 -22.956025646534826 -16.234709868807045
      7.8868837080865539 66.093469099004636)))))
 ((pools
   ((number_of_pools 1) (teams_per_pool 5) (cycles_per_pool 1)
    (multibracket ((1) (2 1 1 0) (2 1 0)))))
  ((samples 1820)
   (sums
    (596.842021356253 90.163711609630752 -90.0188076703729
     -184.52091408249558 -412.46601121301546))
   (prods
    ((573.78296251876441 -204.96354629057521 -123.88826829073885
      -101.51667044300221 -143.41447749444811)
     (-204.96354629057521 444.96235619791975 -98.148308722409865
      -77.388757918371965 -64.461743266562792)
     (-123.88826829073885 -98.148308722409865 310.85565196825769
      -54.325660199803544 -34.493414755305395)
     (-101.51667044300221 -77.388757918371965 -54.325660199803544
      253.16023526979913 -19.929146708621388)
     (-143.41447749444811 -64.461743266562792 -34.493414755305395
      -19.929146708621388 262.29878222493761)))))
 ((pools
   ((number_of_pools 1) (teams_per_pool 5) (cycles_per_pool 1)
    (multibracket ((1) (2 1 1 0) (2 0)))))
  ((samples 1770)
   (sums
    (573.30863151792471 88.75341696718057 -62.085837113253369
     -146.37847086324419 -453.59774050860796))
   (prods
    ((551.05074737615575 -186.05849604450574 -118.45188599923705
      -87.718343353873792 -158.82202197853934)
     (-186.05849604450574 411.00768557942229 -80.934006178374744
      -57.913750940442625 -86.101432416099158)
     (-118.45188599923705 -80.934006178374744 293.59254785130832
      -47.547153243482668 -46.659502430213912)
     (-87.718343353873792 -57.913750940442625 -47.547153243482668
      223.14018293030855 -29.960935392509437)
