(((pools
   ((number_of_pools 1) (teams_per_pool 3) (cycles_per_pool 1)
    (multibracket ((2 1 0) (2 0)))))
  ((samples 60000)
   (sums (12674.707444972646 -1556.7069977168439 -11118.000447255796))
   (prods
    ((10602.348620272269 -6171.193250584809 -4431.1553696874653)
     (-6171.193250584809 9703.69447943619 -3532.5012288513731)
     (-4431.1553696874653 -3532.5012288513731 7963.6565985388343)))))
 ((pools
   ((number_of_pools 1) (teams_per_pool 3) (cycles_per_pool 1)
    (multibracket ((2 1 0) (1)))))
  ((samples 60000)
   (sums (12654.366713199384 -698.75261566539552 -11955.61409753398))
   (prods
    ((10583.974596601256 -5809.4654335957275 -4774.5091630055267)
     (-5809.4654335957275 9810.5565885812575 -4001.0911549855291)
     (-4774.5091630055267 -4001.0911549855291 8775.6003179910531)))))
 ((pools
   ((number_of_pools 1) (teams_per_pool 3) (cycles_per_pool 1)
    (multibracket ((2 0) (2 0)))))
  ((samples 60000)
   (sums (13579.123179169561 -2223.5569134441921 -11355.566265725374))
   (prods
    ((11723.794611111449 -6919.1289577635689 -4804.6656533478863)
     (-6919.1289577635689 10353.861472507067 -3434.7325147434985)
     (-4804.6656533478863 -3434.7325147434985 8239.39816809138)))))
 ((pools
   ((number_of_pools 1) (teams_per_pool 3) (cycles_per_pool 1)
    (multibracket ((2 0) (1)))))
  ((samples 60000)
   (sums (13478.520869222779 -222.8961402119576 -13255.624729010808))
   (prods
    ((11586.311171258245 -5463.9657535421047 -6122.345417716152)
     (-5463.9657535421047 9928.66894474314 -4464.7031912010334)
     (-6122.345417716152 -4464.7031912010334 10587.04860891717)))))
 ((pools
   ((number_of_pools 1) (teams_per_pool 3) (cycles_per_pool 1)
    (multibracket ((1) (2 0)))))
  ((samples 60000)
   (sums (15074.764807382608 -3117.5970462816317 -11957.167761100987))
   (prods
    ((13599.983464327994 -7871.81481555231 -5728.1686487756979)
     (-7871.81481555231 10913.116348441712 -3041.3015328894026)
     (-5728.1686487756979 -3041.3015328894026 8769.4701816650922)))))
 ((pools
   ((number_of_pools 1) (teams_per_pool 3) (cycles_per_pool 1)
    (multibracket ((1) (1)))))
  ((samples 60000)
   (sums (15005.153854289494 -1702.8902875858089 -13302.263566703672))
   (prods
    ((13497.679053197819 -6542.9571903419965 -6954.7218628558248)
     (-6542.9571903419965 10271.254723746653 -3728.2975334046582)
     (-6954.7218628558248 -3728.2975334046582 10683.019396260472)))))
 ((pools
   ((number_of_pools 3) (teams_per_pool 1) (cycles_per_pool 1)
    (multibracket ((2 1 0) (2 0) (1)))))
  ((samples 40000)
   (sums (10144.721595248477 -2220.1702773174407 -7924.5513179310465))
   (prods
    ((9234.9880928076 -5303.3386107552778 -3931.6494820523371)
     (-5303.3386107552778 7236.2266424082463 -1932.8880316529726)
     (-3931.6494820523371 -1932.8880316529726 5864.5375137053088)))))
 ((pools
   ((number_of_pools 3) (teams_per_pool 1) (cycles_per_pool 1)
    (multibracket ((2 1 0) (1) (1)))))
  ((samples 40000)
   (sums (10101.265764642974 1542.0004484519568 -11643.266213094954))
   (prods
    ((9189.188897501368 -3255.2686317460325 -5933.9202657553433)
     (-3255.2686317460325 7727.533102892623 -4472.2644711465919)
     (-5933.9202657553433 -4472.2644711465919 10406.184736901931)))))
 ((pools
   ((number_of_pools 1) (teams_per_pool 3) (cycles_per_pool 0)
    (multibracket ((2 1 0) (1)))))
  ((samples 120000)
   (sums (30130.598894748015 4811.5893436567967 -34942.188238404815))
   (prods
    ((27114.891809700908 -9525.1271061865355 -17589.76470351436)
     (-9525.1271061865355 22958.098790660388 -13432.97168447385)
     (-17589.76470351436 -13432.97168447385 31022.73638798821)))))
 ((pools
   ((number_of_pools 1) (teams_per_pool 3) (cycles_per_pool 0)
    (multibracket ((2 0) (2 0)))))
  ((samples 120000)
   (sums (42767.160174740624 -15853.69716663558 -26913.463008105027))
   (prods
    ((45295.4839664406 -28445.48008099214 -16850.003885448434)
     (-28445.48008099214 33074.66264682624 -4629.182565834104)
     (-16850.003885448434 -4629.182565834104 21479.186451282552)))))
 ((pools
   ((number_of_pools 1) (teams_per_pool 3) (cycles_per_pool 0)
    (multibracket ((2 0) (1)))))
  ((samples 120000)
   (sums (42677.557400661623 12813.014546259175 -55490.571946920791))
   (prods
    ((45052.258579341433 -3573.0506480663439 -41479.207931275116)
     (-3573.0506480663439 25065.86476846804 -21492.814120401694)
     (-41479.207931275116 -21492.814120401694 62972.022051676722)))))
 ((pools
   ((number_of_pools 1) (teams_per_pool 3) (cycles_per_pool 0)
    (multibracket ((1) (2 0)))))
  ((samples 120000)
   (sums (63513.603813487389 -28454.981242683149 -35058.622570804233))
   (prods
    ((76573.759577804769 -45220.862770142165 -31352.896807662502)
     (-45220.862770142165 45047.611836091506 173.25093405066067)
     (-31352.896807662502 173.25093405066067 31179.645873611869)))))
 ((pools
   ((number_of_pools 1) (teams_per_pool 3) (cycles_per_pool 0)
    (multibracket ((1) (1)))))
  ((samples 120000)
   (sums (63539.657098618452 -7951.606328744645 -55588.050769873742))
   (prods
    ((76526.275727511675 -24295.415655348941 -52230.860072162795)
     (-24295.415655348941 35233.832574664222 -10938.416919315268)
     (-52230.860072162795 -10938.416919315268 63169.276991477978))))))