(((pools
   ((number_of_pools 1) (teams_per_pool 7) (cycles_per_pool 1)
    (multibracket ((4 0 0)))))
  ((samples 7500)
   (sums
    (2346.3223014539917 1618.712734644067 903.72320591697076
     -752.64549424195445 -822.82248830072945 -1456.0105091716223
     -1837.2797503007228))
   (prods
    ((2175.0703106644532 40.839136847841431 -147.96460539126781
      -583.27069986267838 -400.183513528774 -482.43936218847432
      -602.05126654110245)
     (40.839136847841431 2096.3736391853809 -209.10351801640309
      -593.946148187643 -425.2257928394211 -426.74203699762893
      -482.1952799921246)
     (-147.96460539126781 -209.10351801640309 1894.691590722907
      -453.84672829836632 -361.63504947992817 -405.07832912476005
      -317.06336041217963)
     (-583.27069986267838 -593.946148187643 -453.84672829836632
      1847.4238116146698 -152.27312819906848 -104.70145198693464
      40.614344920020294)
     (-400.183513528774 -425.2257928394211 -361.63504947992817
      -152.27312819906848 1367.8537578209189 -7.8285221279767763
      -20.707751645750982)
     (-482.43936218847432 -426.74203699762893 -405.07832912476005
      -104.70145198693464 -7.8285221279767763 1198.3290953388318
      228.4606070869437)
     (-602.05126654110245 -482.1952799921246 -317.06336041217963
      40.614344920020294 -20.707751645750982 228.4606070869437
      1152.9427065841937)))))
 ((pools
   ((number_of_pools 1) (teams_per_pool 7) (cycles_per_pool 1)
    (multibracket ((2 1 0)))))
  ((samples 17500)
   (sums
    (4752.6906221836634 2967.7261377739546 2119.0326360516165
     -222.85108866318973 -1975.0299044674275 -3344.1957626484527
     -4297.3726402301609))
   (prods
    ((4115.0560503348624 -584.3561266831108 32.441675192148132
      -479.09087519298834 -856.70704337864481 -989.94653766446
      -1237.3971426078047)
     (-584.3561266831108 4464.1331599269952 -492.856603384512
      -777.35114751032552 -887.65992323694138 -833.68315215693622
      -888.22620695516594)
     (32.441675192148132 -492.856603384512 3923.1326712438913
      -737.2970210979546 -1071.2109329915795 -894.35269002196583
      -759.85709894002866)
     (-479.09087519298834 -777.35114751032552 -737.2970210979546
      3199.5860158012956 -333.81340402644565 -605.22632529089856
      -266.80724268268523)
     (-856.70704337864481 -887.65992323694138 -1071.2109329915795
      -333.81340402644565 3190.2285221578409 4.065153526056438
      -44.902372050285152)
     (-989.94653766446 -833.68315215693622 -894.35269002196583
      -605.22632529089856 4.065153526056438 2805.0972588541708
      514.04629275403772)
     (-1237.3971426078047 -888.22620695516594 -759.85709894002866
      -266.80724268268523 -44.902372050285152 514.04629275403772
      2683.1437704819336)))))
 ((pools
   ((number_of_pools 1) (teams_per_pool 7) (cycles_per_pool 1)
    (multibracket ((2 0)))))
  ((samples 17500)
   (sums
    (5199.9320153764156 3317.0070511639751 1322.5103294688574
     -222.85108866318973 -1975.0299044674275 -3344.1957626484527
     -4297.3726402301609))
   (prods
    ((4652.6747866143314 -172.25193924921854 -616.58021348384568
      -541.97958773377945 -863.42878387226756 -1107.4185213180954
      -1351.0157409571261)
     (-172.25193924921854 4673.6063039123055 -817.23851368823057
      -896.36165214604057 -906.95951099874208 -922.56849581383415
      -958.226192016237)
     (-616.58021348384568 -817.23851368823057 4298.6400140707519
      -555.39780392144814 -1045.1896047361558 -687.99536271143324
      -576.23851552963663)
     (-541.97958773377945 -896.36165214604057 -555.39780392144814
      3199.5860158012956 -333.81340402644565 -605.22632529089856
      -266.80724268268523)
     (-863.42878387226756 -906.95951099874208 -1045.1896047361558
      -333.81340402644565 3190.2285221578409 4.065153526056438
      -44.902372050285152)
     (-1107.4185213180954 -922.56849581383415 -687.99536271143324
      -605.22632529089856 4.065153526056438 2805.0972588541708
      514.04629275403772)
     (-1351.0157409571261 -958.226192016237 -576.23851552963663
      -266.80724268268523 -44.902372050285152 514.04629275403772
      2683.1437704819336)))))
 ((pools
   ((number_of_pools 1) (teams_per_pool 7) (cycles_per_pool 1)
    (multibracket ((1)))))
  ((samples 7500)
   (sums
    (2411.2105369268938 1213.3902118700796 583.78029338316173
     -92.268294407057965 -822.82248830072945 -1456.0105091716223
     -1837.2797503007228))
   (prods
    ((2290.5400845116928 -213.79469486563659 -351.02887849289243
      -190.84033135883647 -383.70911257597129 -523.41969755342814
      -627.74736966492912)
     (-213.79469486563659 1932.1225642117654 -261.87420938572438
      -395.93608301753807 -354.130127829746 -330.15710976590151
      -376.23033934721968)
     (-351.02887849289243 -261.87420938572438 1866.916028251557
      -244.93655593143774 -461.68379120790524 -300.60007789229161
      -246.79251534130668)
     (-190.84033135883647 -395.93608301753807 -244.93655593143774
      1346.2170554994882 -139.79445243356903 -264.78429508617637
      -109.925337671931)
     (-383.70911257597129 -354.130127829746 -461.68379120790524
      -139.79445243356903 1367.8537578209189 -7.8285221279767763
      -20.707751645750982)
     (-523.41969755342814 -330.15710976590151 -300.60007789229161
      -264.78429508617637 -7.8285221279767763 1198.3290953388318
      228.4606070869437)
     (-627.74736966492912 -376.23033934721968 -246.79251534130668
      -109.925337671931 -20.707751645750982 228.4606070869437
      1152.9427065841937)))))
 ((pools
   ((number_of_pools 1) (teams_per_pool 7) (cycles_per_pool 1)
    (multibracket ((6 1 0)))))
  ((samples 1000)
   (sums
    (517.9458322900814 65.216532636285422 144.54386944155456
     -57.305428901458392 -64.422969793242387 -232.78346383246082
     -373.19437184076031))
   (prods
    ((587.88594776314426 -117.75989496704382 3.9547891460529585
      -55.930944202189657 -58.251926211044186 -144.84067067611727
      -215.05730085280263)
     (-117.75989496704382 340.17207212271381 -45.920608952089452
      -72.086464614045553 -14.115745236570646 -44.1862587042633
      -46.103099648701068)
     (3.9547891460529585 -45.920608952089452 294.67173674895753
      -62.48384481253936 -51.337292783223461 -63.9210394046499
      -74.963739942508553)
     (-55.930944202189657 -72.086464614045553 -62.48384481253936
      251.76298428612427 -24.883546464022103 -18.932539545046531
      -17.445644648281526)
     (-58.251926211044186 -14.115745236570646 -51.337292783223461
      -24.883546464022103 171.93767043891341 -19.5936613058863
      -3.7554984381668928)
     (-144.84067067611727 -44.1862587042633 -63.9210394046499
      -18.932539545046531 -19.5936613058863 229.25538373558268
      62.21878590038061)
     (-215.05730085280263 -46.103099648701068 -74.963739942508553
      -17.445644648281526 -3.7554984381668928 62.21878590038061
      295.1064976300803)))))
 ((pools
   ((number_of_pools 1) (teams_per_pool 7) (cycles_per_pool 1)
    (multibracket ((4 2 0)))))
  ((samples 2111)
   (sums
    (1045.037970175689 36.378907636076526 290.10066437379078
     -234.5106747222718 -108.15897427679799 -502.65678065914346
     -526.191112527343))
   (prods
    ((1166.2742010394584 -323.3001148266307 22.781514918581919
      -233.42794096043059 -79.5825592528778 -273.91172747487349
      -278.83337344322763)
     (-323.3001148266307 655.906058408736 -105.67746015158158
      -126.04114671276844 -42.448001812966965 -40.375600237170076
      -18.06373466761778)
     (22.781514918581919 -105.67746015158158 577.63116825899306
      -153.36513631235425 -72.350805682653544 -158.94949220582873
      -110.06978882515702)
     (-233.42794096043059 -126.04114671276844 -153.36513631235425
      541.26667679460172 -50.775767606275387 -6.1344196482735329
      28.477734445500218)
     (-79.5825592528778 -42.448001812966965 -72.350805682653544
      -50.775767606275387 309.51925874351394 -31.936938451317204
      -32.425185937422761)
     (-273.91172747487349 -40.375600237170076 -158.94949220582873
      -6.1344196482735329 -31.936938451317204 429.74225496988993
      81.56592304757288)
     (-278.83337344322763 -18.06373466761778 -110.06978882515702
      28.477734445500218 -32.425185937422761 81.56592304757288
      329.34842538035173)))))
 ((pools
   ((number_of_pools 1) (teams_per_pool 7) (cycles_per_pool 1)
    (multibracket ((2 3 0)))))
  ((samples 2111)
   (sums
    (1039.7601686066068 33.258466436738125 265.82751194409877
     -252.32339149013305 -158.01341432721495 -402.31822864275273
     -526.191112527343))
   (prods
    ((1159.3850713189354 -331.24306981091968 18.332558742733422
      -265.27594395851054 -106.24906452277767 -207.28779656532885
      -267.66175520413293)
     (-331.24306981091968 661.50926704046151 -110.66420847321547
      -114.78505934079053 -35.349298310454074 -41.80757882485193
      -27.660052280229987)
     (18.332558742733422 -110.66420847321547 558.50310021371615
      -171.61165923499669 -77.466483975315754 -101.56262318389912
      -115.53068408902189)
     (-265.27594395851054 -114.78505934079053 -171.61165923499669
      593.17378007113757 -60.25189952601805 -16.479297205426349
      35.230079194604116)
     (-106.24906452277767 -35.349298310454074 -77.466483975315754
      -60.25189952601805 321.64406582227548 -29.852798519968587
      -12.474520967741288)
     (-207.28779656532885 -41.80757882485193 -101.56262318389912
      -16.479297205426349 -29.852798519968587 338.24158633330524
      58.7485079661698)
     (-267.66175520413293 -27.660052280229987 -115.53068408902189
      35.230079194604116 -12.474520967741288 58.7485079661698
      329.34842538035173)))))
 ((pools
   ((number_of_pools 1) (teams_per_pool 7) (cycles_per_pool 1)
    (multibracket ((4 0)))))
  ((samples 2111)
   (sums
    (1023.4656419184672 46.843986581591082 300.69851240354421
     -200.47648885455172 -242.02231087895433 -402.31822864275273
     -526.191112527343))
   (prods
    ((1131.8002773290118 -326.50252086239976 26.245380059664672
      -205.03414964877828 -159.55542929905931 -195.80124720809491
      -271.15231037034465)
     (-326.50252086239976 682.98428539161637 -104.18510232552418
      -112.62895735972114 -69.484483125702042 -52.974347239372136
      -17.208874478896561)
     (26.245380059664672 -104.18510232552418 568.72874316017
      -149.08950862788663 -108.93003219353716 -119.95874382250391
      -112.81073625038235)
     (-205.03414964877828 -112.62895735972114 -149.08950862788663
      543.18436605021986 -51.63465996135325 -28.639472148665909
      3.8423816961849253)
     (-159.55542929905931 -69.484483125702042 -108.93003219353716
      -51.63465996135325 379.98828240357324 0.38371611916184145
      9.23260605691663)
     (-195.80124720809491 -52.974347239372136 -119.95874382250391
      -28.639472148665909 0.38371611916184145 338.24158633330524
      58.7485079661698)
     (-271.15231037034465 -17.208874478896561 -112.81073625038235
      3.8423816961849253 9.23260605691663 58.7485079661698
      329.34842538035173)))))
 ((pools
   ((number_of_pools 1) (teams_per_pool 7) (cycles_per_pool 1)
    (multibracket ((2)))))
  ((samples 3777)
   (sums
    (1893.7052212554622 -44.534629559264928 303.56849051019992
     -57.877016026821352 -435.88143903410173 -713.26879113947166
     -945.71183600600239))
   (prods
    ((2157.234028823033 -773.45392499108948 -57.043579064980406
      -165.58332298087464 -289.32829684422978 -392.18689590147744
      -479.63800904038214)
     (-773.45392499108948 1293.057981402608 -180.82065976394324
      -151.66992164399463 -102.51780723043137 -58.201858992626185
      -26.393808780523464)
     (-57.043579064980406 -180.82065976394324 876.31102850906836
      -121.38873102177405 -210.20151670458171 -166.94731131892411
      -139.90923063486542)
     (-165.58332298087464 -151.66992164399463 -121.38873102177405
      722.26280854911442 -106.00158424625234 -115.08322760263205
      -62.536021053587064)
     (-289.32829684422978 -102.51780723043137 -210.20151670458171
      -106.00158424625234 681.08246092199215 14.564891621040829
      12.401852482462278)
     (-392.18689590147744 -58.201858992626185 -166.94731131892411
      -115.08322760263205 14.564891621040829 618.30432098552751
      99.550081209091758)
     (-479.63800904038214 -26.393808780523464 -139.90923063486542
      -62.536021053587064 12.401852482462278 99.550081209091758
      596.52513581780386)))))
 ((pools
   ((number_of_pools 1) (teams_per_pool 7) (cycles_per_pool 1)
    (multibracket ((2 0) (2 1 0)))))
  ((samples 40942)
   (sums
    (12225.355647075881 4465.0228905489948 4385.7069123722122
     1400.362515598337 -4701.5451399391113 -7566.9053339755192
     -10207.997491680775))
   (prods
    ((11022.614873811592 -2569.2768719769688 -250.28713759693866
      -581.52950479632909 -1979.9157452610264 -2482.2223240218923
      -3159.38329015844)
     (-2569.2768719769688 9670.4813617751461 -1337.7098138034605
      -991.02445644100271 -1832.9999478312791 -1510.442867918327
      -1429.0274038041102)
     (-250.28713759693866 -1337.7098138034605 8488.9502408594981
      -1178.0385479309082 -2114.0815478318209 -1930.4822649710159
      -1678.3509287253619)
     (-581.52950479632909 -991.02445644100271 -1178.0385479309082
      7162.3962668253826 -1494.8689714844274 -1683.5513047057239
      -1233.3834814669935)
     (-1979.9157452610264 -1832.9999478312791 -2114.0815478318209
      -1494.8689714844274 7405.1844634323415 50.005718616128114
      -33.323969639915518)
     (-2482.2223240218923 -1510.442867918327 -1930.4822649710159
      -1683.5513047057239 50.005718616128114 6472.5010338228385
      1084.1920091779862)
     (-3159.38329015844 -1429.0274038041102 -1678.3509287253619
      -1233.3834814669935 -33.323969639915518 1084.1920091779862
      6449.2770646168356)))))
 ((pools
   ((number_of_pools 1) (teams_per_pool 7) (cycles_per_pool 1)
    (multibracket ((2 0) (2 0)))))
  ((samples 30942)
   (sums
    (9220.9195344385316 4088.4239443080737 4134.3281918950615
     -565.1512762238533 -3523.0065526025837 -5685.8321730441694
     -7669.681668771048))
   (prods
    ((8247.192418280807 -1604.1602267510912 139.44910075537413
      -1052.8419591257798 -1476.6799033710106 -1884.5898529563681
      -2368.3695768319335)
     (-1604.1602267510912 7749.1570727929366 -650.87891240624174
      -1397.5015632617981 -1562.2787650753751 -1258.3929320453819
      -1275.9446732530498)
     (139.44910075537413 -650.87891240624174 6776.0623406782533
      -1274.6550746490068 -1908.838163689567 -1561.9054855285697
      -1519.233805160246)
     (-1052.8419591257798 -1397.5015632617981 -1274.6550746490068
      5827.7230902517595 -631.72141932538364 -1023.6975818226439
      -447.30549206714909)
     (-1476.6799033710106 -1562.2787650753751 -1908.838163689567
      -631.72141932538364 5549.3204285958509 42.334899897999932
      -12.137077032512526)
     (-1884.5898529563681 -1258.3929320453819 -1561.9054855285697
      -1023.6975818226439 42.334899897999932 4887.2526057009281
      798.99834675403372)
     (-2368.3695768319335 -1275.9446732530498 -1519.233805160246
      -447.30549206714909 -12.137077032512526 798.99834675403372
      4823.99227759086)))))
 ((pools
   ((number_of_pools 1) (teams_per_pool 7) (cycles_per_pool 1)
    (multibracket ((1) (4 0 0)))))
  ((samples 14277)
   (sums
    (4555.717927949966 1762.857663022171 1699.2821882339942
     462.08464009526443 -2282.88157936685 -2622.7497578298016
     -3574.3110821047435))
   (prods
    ((4241.3354562947825 -888.58255445101827 -55.983283110765591
      -149.19620788406212 -1026.975113492417 -926.962223454274
      -1193.6360739022437)
     (-888.58255445101827 3621.4458689237094 -369.63958662444429
      -431.12351288996763 -782.958547482855 -597.51211100630519
      -551.62955646911655)
     (-55.983283110765591 -369.63958662444429 3143.8396630604261
      -484.02655598927885 -918.93374980984083 -653.94283909916192
      -661.31364842693461)
     (-149.19620788406212 -431.12351288996763 -484.02655598927885
      2640.6240634483656 -612.512973256617 -507.76684993312534
      -455.99796349531573)
     (-1026.975113492417 -782.958547482855 -918.93374980984083
      -612.512973256617 3043.0032373203831 67.0747715961063
      231.3023751252413)
     (-926.962223454274 -597.51211100630519 -653.94283909916192
      -507.76684993312534 67.0747715961063 2250.9352543701148
      368.17399752664392)
     (-1193.6360739022437 -551.62955646911655 -661.31364842693461
      -455.99796349531573 231.3023751252413 368.17399752664392
      2263.1008696417257)))))
 ((pools
   ((number_of_pools 1) (teams_per_pool 7) (cycles_per_pool 1)
    (multibracket ((1) (2 1 0)))))
  ((samples 40942)
   (sums
    (13088.153111125826 4136.0521001523966 3851.8802387188512
     1400.362515598337 -4701.5451399391113 -7566.9053339755192
     -10207.997491680775))
   (prods
    ((12243.670861145663 -2825.061044358049 -707.47281143995451
      -579.23743111742317 -2111.4852082435732 -2654.7667316864049
      -3365.6476343002537)
     (-2825.061044358049 9649.9582475469069 -1268.7242062426092
      -1029.7610399298608 -1749.1337219129719 -1425.5610312258159
      -1351.7172038776064)
     (-707.47281143995451 -1268.7242062426092 8576.3858450801617
      -1141.5940381209559 -2066.37831076758 -1842.8196939990139
      -1549.3967845100517)
     (-579.23743111742317 -1029.7610399298608 -1141.5940381209559
      7162.3962668253826 -1494.8689714844274 -1683.5513047057239
      -1233.3834814669935)
     (-2111.4852082435732 -1749.1337219129719 -2066.37831076758
      -1494.8689714844274 7405.1844634323415 50.005718616128114
      -33.323969639915518)
     (-2654.7667316864049 -1425.5610312258159 -1842.8196939990139
      -1683.5513047057239 50.005718616128114 6472.5010338228385
      1084.1920091779862)
     (-3365.6476343002537 -1351.7172038776064 -1549.3967845100517
      -1233.3834814669935 -33.323969639915518 1084.1920091779862
      6449.2770646168356)))))
 ((pools
   ((number_of_pools 1) (teams_per_pool 7) (cycles_per_pool 1)
    (multibracket ((1) (2 0)))))
  ((samples 11777)
   (sums
    (3742.3567971617695 1485.6365440656596 1383.0374979762767
     -207.98892001691249 -1289.0022437321863 -2148.6028726928671
     -2965.43680276174))
   (prods
    ((3477.7740181012036 -693.88519888372048 -122.78724250945561
      -336.71388775290427 -581.051877640882 -741.95835521943923
      -1001.3774560948003)
     (-693.88519888372048 2921.8673198442821 -181.17134614097438
      -528.8944862879905 -560.949594076144 -488.04443585976685
      -468.92225859568543)
     (-122.78724250945561 -181.17134614097438 2590.592345854946
      -494.73588660450895 -675.90887957501775 -575.0234262758288
      -540.96556474916019)
     (-336.71388775290427 -528.8944862879905 -494.73588660450895
      2176.4047226827779 -284.31510642126631 -354.3059560894423
      -177.43939952666597)
     (-581.051877640882 -560.949594076144 -675.90887957501775
      -284.31510642126631 2083.9715626841457 19.544986104868347
      -1.291091075703209)
     (-741.95835521943923 -488.04443585976685 -575.0234262758288
      -354.3059560894423 19.544986104868347 1837.4008622749116
      302.38632506469634)
     (-1001.3774560948003 -468.92225859568543 -540.96556474916019
      -177.43939952666597 -1.291091075703209 302.38632506469634
      1887.6094449773195)))))
 ((pools
   ((number_of_pools 1) (teams_per_pool 7) (cycles_per_pool 1)
    (multibracket ((2 5 0)))))
  ((samples 666)
   (sums
    (433.11951832194569 96.591754709656612 -78.245758265774825
     31.344799260015108 -105.66389222381642 -229.5760217605816
     -147.57040004144463))
   (prods
    ((546.47171426652369 -22.971634841982848 -156.96986589325041
      -10.536439215395639 -83.832495923176609 -172.32114586020671
      -99.840132532511973)
     (-22.971634841982848 243.52599436836911 -74.559182307213888
      -18.292929209700361 -45.760743945402936 -54.170083946133794
      -27.771420117935229)
     (-156.96986589325041 -74.559182307213888 260.269119359708
      -32.1355889600296 -11.647647937404466 2.9714525507055312
      12.071713187484741)
     (-10.536439215395639 -18.292929209700361 -32.1355889600296
      150.89347586334691 -16.93238176092505 -53.628827621196422
      -19.367309096099891)
     (-83.832495923176609 -45.760743945402936 -11.647647937404466
      -16.93238176092505 145.97885987199788 5.3231308153249293
      6.8712788795864466)
     (-172.32114586020671 -54.170083946133794 2.9714525507055312
      -53.628827621196422 5.3231308153249293 227.08709974989563
      44.738374311610762)
     (-99.840132532511973 -27.771420117935229 12.071713187484741
      -19.367309096099891 6.8712788795864466 44.738374311610762
      83.297495367865267)))))
 ((pools
   ((number_of_pools 1) (teams_per_pool 7) (cycles_per_pool 1)
    (multibracket ((6 0)))))
  ((samples 666)
   (sums
    (421.07679298603324 112.1581358675227 -67.989707731012317
     32.120516791339966 -109.98170144042813 -217.97430997955266
     -169.40972649390216))
   (prods
    ((517.23906894074389 -34.332718496171267 -130.66970552523358
      -0.99817698955384659 -85.180262835708859 -152.2874792230381
      -113.77072587103798)
     (-34.332718496171267 267.2476070373304 -61.672262024850959
      -13.982210998241204 -54.292813574339149 -68.33914610638557
      -34.62845583734245)
     (-130.66970552523358 -61.672262024850959 232.56507911183607
      -25.694433163443016 -12.929375446085817 -7.6882312496723406
      6.0889282974495957)
     (-0.99817698955384659 -13.982210998241204 -25.694433163443016
      127.45247811963257 -26.820577566621797 -41.779427637495857
      -18.177651764276842)
     (-85.180262835708859 -54.292813574339149 -12.929375446085817
      -26.820577566621797 152.69322915176468 15.545057327135819
      10.984742943855059)
     (-152.2874792230381 -68.33914610638557 -7.6882312496723406
      -41.779427637495857 15.545057327135819 215.35612832834775
      39.193098561108293)
     (-113.77072587103798 -34.62845583734245 6.0889282974495957
      -18.177651764276842 10.984742943855059 39.193098561108293
      110.31006367024432)))))
 ((pools
   ((number_of_pools 1) (teams_per_pool 7) (cycles_per_pool 1)
    (multibracket ((4 0) (2 0)))))
  ((samples 5676)
   (sums
    (2876.23889747435 153.62325718826446 -73.032367378123951
     194.4051854046354 -711.50627052989955 -1030.8425333597136
     -1408.8861687995143))
   (prods
    ((3270.0665225893422 -887.8013561729274 -476.54140524669674
      -59.896704486883209 -498.34301381675863 -613.28838765196076
      -734.19565521411641)
     (-887.8013561729274 1862.7000083729681 -429.36397025729593
      -195.66021833691588 -178.20636326223257 -83.819064999326883
      -87.849035344268515)
     (-476.54140524669674 -429.36397025729593 1422.9326769799288
      -115.03452008816087 -195.87024127578576 -144.02329369288947
      -62.099246419101092)
     (-59.896704486883209 -195.66021833691588 -115.03452008816087
      962.65768417524578 -214.80056526502278 -214.19402884553202
      -163.07164715273106)
     (-498.34301381675863 -178.20636326223257 -195.87024127578576
      -214.80056526502278 1053.7324208050188 32.649836936001591
      0.83792587877845)
     (-613.28838765196076 -83.819064999326883 -144.02329369288947
      -214.19402884553202 32.649836936001591 865.96697408412547
      156.70796416958245)
     (-734.19565521411641 -87.849035344268515 -62.099246419101092
      -163.07164715273106 0.83792587877845 156.70796416958245
      889.669694081856)))))
 ((pools
   ((number_of_pools 1) (teams_per_pool 7) (cycles_per_pool 1)
    (multibracket ((3)))))
  ((samples 2344)
   (sums
    (1450.493874388409 290.09203386714779 -402.70638694741103
     -61.175139184077089 -282.663478293669 -424.64442584285968
     -569.39647798754027))
   (prods
    ((1806.3191294359513 -147.09298170332926 -639.65845866233667
      -112.64168450361119 -233.84095486744195 -305.98292556627939
      -367.10212413295312)
     (-147.09298170332926 828.16301074209446 -284.25393065211006
      -99.629911305301135 -124.44116780915644 -94.048351156194016
      -78.696668116002627)
     (-639.65845866233667 -284.25393065211006 928.32872182457731
      -70.9597162056792 -36.460073187781212 38.958772074349241
      64.0446848089796)
     (-112.64168450361119 -99.629911305301135 -70.9597162056792
      428.04503471401586 -47.682938450723455 -78.875487540544427
      -18.255296708156447)
     (-233.84095486744195 -124.44116780915644 -36.460073187781212
      -47.682938450723455 433.75021888237427 21.159286463785605
      -12.484371031056982)
     (-305.98292556627939 -94.048351156194016 38.958772074349241
      -78.875487540544427 21.159286463785605 357.62440559201292
      61.164300132870231)
     (-367.10212413295312 -78.696668116002627 64.0446848089796
      -18.255296708156447 -12.484371031056982 61.164300132870231
      351.32947504631932)))))
 ((pools
   ((number_of_pools 1) (teams_per_pool 7) (cycles_per_pool 1)
    (multibracket ((2) (4 0 0)))))
  ((samples 7676)
   (sums
    (3678.215981395716 106.20126870104009 33.325077314993678
     261.01995665077106 -408.38839965534862 -1768.440981320347
     -1901.9329030868271))
   (prods
    ((4104.5144494681645 -1303.5496118531339 -504.03478371442782
      -74.553444711922708 -358.249869684593 -919.44231251964766
      -944.68442698443778)
     (-1303.5496118531339 2427.6874993462957 -465.27765526479067
      -251.486254733866 -105.17408998307373 -204.11740676296122
      -98.082480748472264)
     (-504.03478371442782 -465.27765526479067 1698.8880853842863
      -199.6474731302807 -206.08977298753717 -216.53075841372089
      -107.30764187352963)
     (-74.553444711922708 -251.486254733866 -199.6474731302807
      1306.1034007991002 -221.29874531812885 -328.14872316939307
      -230.96875973550846)
     (-358.249869684593 -105.17408998307373 -206.08977298753717
      -221.29874531812885 1102.5702948039871 -122.36669140695555
      -89.3911254236979)
     (-919.44231251964766 -204.11740676296122 -216.53075841372089
      -328.14872316939307 -122.36669140695555 1524.8657857170306
      265.7401065556478)
     (-944.68442698443778 -98.082480748472264 -107.30764187352963
      -230.96875973550846 -89.3911254236979 265.7401065556478
      1204.6943282099983)))))
 ((pools
   ((number_of_pools 1) (teams_per_pool 7) (cycles_per_pool 1)
    (multibracket ((2) (2 1 0)))))
  ((samples 7676)
   (sums
    (3775.1878569882283 9.2293931085289778 -54.929948757338991
     118.74488135949331 -531.97839934555213 -1414.320880266532
     -1901.9329030868271))
   (prods
    ((4254.1936413065514 -1418.1976919674469 -540.33805970241679
      -137.00336888030012 -422.95161064940828 -749.49598656634464
      -986.20692354063317)
     (-1418.1976919674469 2507.3044677365378 -506.055099543045
      -283.96055780297235 -152.88482732690292 -89.646306903892878
      -56.559984192277156)
     (-540.33805970241679 -506.055099543045 1713.8902060437977
      -217.65784962739565 -157.9781934364 -196.38805452706146
      -95.472949207479843)
     (-137.00336888030012 -283.96055780297235 -217.65784962739565
      1303.4568092552981 -193.0877057868158 -269.21626928504395
      -202.53105787276928)
     (-422.95161064940828 -152.88482732690292 -157.9781934364
      -193.0877057868158 1110.8008321425957 -94.916299026488886
      -88.982195916579371)
     (-749.49598656634464 -89.646306903892878 -196.38805452706146
      -269.21626928504395 -94.916299026488886 1174.6041337890917
      225.0587825197403)
     (-986.20692354063317 -56.559984192277156 -95.472949207479843
      -202.53105787276928 -88.982195916579371 225.0587825197403
      1204.6943282099983)))))
 ((pools
   ((number_of_pools 1) (teams_per_pool 7) (cycles_per_pool 1)
    (multibracket ((2) (2 0)))))
  ((samples 7676)
   (sums
    (3805.0205195569929 -20.60326946023735 212.61853616032647
     280.91821115454047 -961.70021405826469 -1414.320880266532
     -1901.9329030868271))
   (prods
    ((4275.1636861723846 -1422.1207185254261 -385.36139369856454
      -94.157293969484826 -637.46276378189282 -749.69688116322959
      -986.36463503378468)
     (-1422.1207185254261 2494.1804759866613 -484.24924650158266
      -252.46830480255133 -189.49452115096992 -89.4454123070076
      -56.40227269912571)
     (-385.36139369856454 -484.24924650158266 1732.4488392724381
      -87.7411984702555 -342.149026162238 -266.32925566621003
      -166.61871877358755)
     (-94.157293969484826 -252.46830480255133 -87.7411984702555
      1301.9787368915477 -309.64866870897322 -340.27097020445342
      -217.69230073582867)
     (-637.46276378189282 -189.49452115096992 -342.149026162238
      -309.64866870897322 1435.3505602594166 46.079603032069244
      -2.6751834874121085)
     (-749.69688116322959 -89.4454123070076 -266.32925566621003
      -340.27097020445342 46.079603032069244 1174.6041337890917
      225.0587825197403)
     (-986.36463503378468 -56.40227269912571 -166.61871877358755
      -217.69230073582867 -2.6751834874121085 225.0587825197403
      1204.6943282099983)))))
 ((pools
   ((number_of_pools 1) (teams_per_pool 7) (cycles_per_pool 1)
    (multibracket ((2 0) (4 2 0)))))
  ((samples 1435)
   (sums
    (394.09433880816584 451.46588588825955 -17.94448270465266
     65.8949926733988 -235.73401417494051 -210.15279177497507
     -447.62392871525594))
   (prods
    ((343.30837166451693 26.868950058321413 -95.367474342295353
      -0.18467915064940429 -91.6301731792968 -61.252011687520721
      -121.74298336307606)
     (26.868950058321413 544.0924959998971 -144.16326592796975
      -28.318596833936507 -137.17372917203306 -105.39049795078823
      -155.91535617349103)
     (-95.367474342295353 -144.16326592796975 384.97296122232871
      -46.874204686624637 -39.280387255494318 -18.530852833097665
      -40.756776176846593)
     (-0.18467915064940429 -28.318596833936507 -46.874204686624637
      259.17592864515086 -78.732474698587055 -52.545913383026175
      -52.520059892327083)
     (-91.6301731792968 -137.17372917203306 -39.280387255494318
      -78.732474698587055 319.45280956840509 4.9370859205249094
      22.426868816481345)
     (-61.252011687520721 -105.39049795078823 -18.530852833097665
      -52.545913383026175 4.9370859205249094 203.72618565849569
      29.056004275412121)
     (-121.74298336307606 -155.91535617349103 -40.756776176846593
      -52.520059892327083 22.426868816481345 29.056004275412121
      319.45230251384726)))))
 ((pools
   ((number_of_pools 1) (teams_per_pool 7) (cycles_per_pool 1)
    (multibracket ((2 0) (2 3 0)))))
  ((samples 2344)
   (sums
    (645.85909103855283 692.40131449823764 -57.270142142956757
     76.611775864430257 -411.45559708093015 -376.749964189793
     -569.39647798754027))
   (prods
    ((575.27126183063046 38.48457218046363 -172.22980822081152
      -22.86953005116121 -140.28313544625911 -122.45697782130964
      -155.91638247155285)
     (38.48457218046363 816.373038653559 -222.88252605485508
      -51.689610689808745 -231.25785741602718 -158.14820065019993
      -190.87941602313134)
     (-172.22980822081152 -222.88252605485508 595.38842807297772
      -64.128477855300517 -66.919415656159458 -38.421410490802842
      -30.806789795047713)
     (-22.86953005116121 -51.689610689808745 -64.128477855300517
      403.58648102053655 -127.61897491480065 -77.335699466702835
      -59.944188042762406)
     (-140.28313544625911 -231.25785741602718 -66.919415656159458
      -127.61897491480065 496.9519028930805 19.684056375328289
      49.443424164837694)
     (-122.45697782130964 -158.14820065019993 -38.421410490802842
      -77.335699466702835 19.684056375328289 339.90435493234963
      36.773877121337421)
     (-155.91638247155285 -190.87941602313134 -30.806789795047713
      -59.944188042762406 49.443424164837694 36.773877121337421
      351.32947504631932)))))
 ((pools
   ((number_of_pools 1) (teams_per_pool 7) (cycles_per_pool 1)
    (multibracket ((2 0) (4 0)))))
  ((samples 2344)
   (sums
    (645.85909103855283 679.62200526542028 -34.83082279259331
     67.050437957508848 -363.65980763848791 -424.64442584285968
     -569.39647798754027))
   (prods
    ((575.27126183063046 25.078891048777589 -149.96171646316276
      -26.73940430409775 -131.84185104576528 -135.89079859482962
      -155.91638247155285)
     (25.078891048777589 804.892439054355 -222.43991420704032
      -58.718117658368278 -201.56426951184352 -153.51225664795081
      -193.736772077929)
     (-149.96171646316276 -222.43991420704032 625.96335293093591
      -86.828193522446625 -77.041116933678268 -55.619779732828022
      -34.07263207178007)
     (-26.73940430409775 -58.718117658368278 -86.828193522446625
      427.99806946425696 -101.56952281550072 -83.714922938079155
      -70.427908225764128)
     (-131.84185104576528 -201.56426951184352 -77.041116933678268
      -101.56952281550072 460.40778845014648 9.94905218880461
      41.6599196678366)
     (-135.89079859482962 -153.51225664795081 -55.619779732828022
      -83.714922938079155 9.94905218880461 357.62440559201292
      61.164300132870231)
     (-155.91638247155285 -193.736772077929 -34.07263207178007
      -70.427908225764128 41.6599196678366 61.164300132870231
      351.32947504631932)))))
 ((pools
   ((number_of_pools 1) (teams_per_pool 7) (cycles_per_pool 1)
    (multibracket ((1) (4 2 0)))))
  ((samples 1435)
   (sums
    (418.96164459044695 396.89653886805507 10.730488926710349
     50.8773242816663 -219.68927617664741 -214.24917965894122
     -443.52754083128963))
   (prods
    ((378.02450275405715 10.932218437360476 -81.0672773556106
      -26.999698116737516 -80.296579161102557 -58.147463971642118
      -142.4457025863249)
     (10.932218437360476 498.46294749377591 -104.66669811426905
      -43.024558041139287 -115.86747356170213 -86.220179977794288
      -159.61625623623183)
     (-81.0672773556106 -104.66669811426905 342.38388855364155
      -38.56900570040041 -66.000886536120561 -33.202818079861714
      -18.877202767379174)
     (-26.999698116737516 -43.024558041139287 -38.56900570040041
      276.3147306190869 -63.605645239915809 -46.258201736221487
      -57.857621784672531)
     (-80.296579161102557 -115.86747356170213 -66.000886536120561
      -63.605645239915809 304.43563408188038 -7.6353070081187964
      28.970257425079588)
     (-58.147463971642118 -86.220179977794288 -33.202818079861714
      -46.258201736221487 -7.6353070081187964 200.46767159808667
      30.996299175551719)
     (-142.4457025863249 -159.61625623623183 -18.877202767379174
      -57.857621784672531 28.970257425079588 30.996299175551719
      318.83022677397707)))))
 ((pools
   ((number_of_pools 1) (teams_per_pool 7) (cycles_per_pool 1)
    (multibracket ((1) (2 3 0)))))
  ((samples 2344)
   (sums
    (705.92735418082316 662.09831333486318 -75.428884365693932
     83.214282100000233 -429.66462307265925 -376.749964189793
     -569.39647798754027))
   (prods
    ((651.760484872568 26.185504971728573 -181.68435743422609
      -11.015204399549901 -181.98171547545246 -129.24216740114761
      -174.0225451339208)
     (26.185504971728573 827.94530545220448 -220.90429712765763
      -79.568210729922825 -215.59132484250716 -150.08668640758538
      -187.98029131625987)
     (-181.68435743422609 -220.90429712765763 587.4924508743303
      -79.532106144399535 -62.370496037923687 -29.13885059182207
      -13.862343538301332)
     (-11.015204399549901 -79.568210729922825 -79.532106144399535
      428.17056565138517 -108.73872893882657 -85.806675610565961
      -63.509639828120157)
     (-181.98171547545246 -215.59132484250716 -62.370496037923687
      -108.73872893882657 499.81464968833063 17.596147957433974
      51.2714676489455)
     (-129.24216740114761 -150.08668640758538 -29.13885059182207
      -85.806675610565961 17.596147957433974 339.90435493234963
      36.773877121337421)
     (-174.0225451339208 -187.98029131625987 -13.862343538301332
      -63.509639828120157 51.2714676489455 36.773877121337421
      351.32947504631932)))))
 ((pools
   ((number_of_pools 1) (teams_per_pool 7) (cycles_per_pool 1)
    (multibracket ((1) (4 0)))))
  ((samples 2344)
   (sums
    (705.92735418082316 657.19099222234377 -62.216522712682973
     75.586729135491112 -382.44764899557458 -424.64442584285968
     -569.39647798754027))
   (prods
    ((651.760484872568 38.228567222257 -189.59929972540402
      -33.099519677670358 -158.75373349893158 -134.51395405889843
      -174.0225451339208)
     (38.228567222257 798.22586263983 -208.09195206852723 -66.297436456794614
      -218.79653232996179 -157.5276388515002 -185.74087015530279)
     (-189.59929972540402 -208.09195206852723 614.61416068879589
      -74.7182590554646 -71.649524099706326 -51.068557934586273
      -19.486567805107079)
     (-33.099519677670358 -66.297436456794614 -74.7182590554646
      419.58840275634964 -86.934084083706608 -91.963930707423728
      -66.575172775289673)
     (-158.75373349893158 -218.79653232996179 -71.649524099706326
      -86.934084083706608 486.51711749435003 16.285375827525716
      33.331380690430706)
     (-134.51395405889843 -157.5276388515002 -51.068557934586273
      -91.963930707423728 16.285375827525716 357.62440559201292
      61.164300132870231)
     (-174.0225451339208 -185.74087015530279 -19.486567805107079
      -66.575172775289673 33.331380690430706 61.164300132870231
      351.32947504631932)))))
 ((pools
   ((number_of_pools 1) (teams_per_pool 7) (cycles_per_pool 1)
    (multibracket ((1) (2 0) (2 1 0)))))
  ((samples 7676)
   (sums
    (2430.1927462529488 1049.8251214672093 116.99106505949091
     251.22324991926268 -531.97839934555213 -1414.320880266532
     -1901.9329030868271))
   (prods
    ((2259.6354852006443 -435.23606345247345 -381.72808108757982
      -66.430395432901875 -252.42242752139219 -483.85285925616409
      -639.96565845013185)
     (-435.23606345247345 1978.7105284662298 -421.58799045325827
      -185.87207410538736 -281.74461572461882 -337.06438077249805
      -317.20540395799514)
     (-381.72808108757982 -421.58799045325827 1572.2574334647097
      -242.76531152380576 -168.52372896180208 -207.392747693242
      -150.25957374502235)
     (-66.430395432901875 -185.87207410538736 -242.76531152380576
      1229.0562542742575 -224.211564991714 -276.43662956043869
      -233.34027866000969)
     (-252.42242752139219 -281.74461572461882 -168.52372896180208
      -224.211564991714 1110.8008321425957 -94.916299026488886
      -88.982195916579371)
     (-483.85285925616409 -337.06438077249805 -207.392747693242
      -276.43662956043869 -94.916299026488886 1174.6041337890917
      225.0587825197403)
     (-639.96565845013185 -317.20540395799514 -150.25957374502235
      -233.34027866000969 -88.982195916579371 225.0587825197403
      1204.6943282099983)))))
 ((pools
   ((number_of_pools 1) (teams_per_pool 7) (cycles_per_pool 1)
    (multibracket ((1) (2 0) (2 0)))))
  ((samples 7676)
   (sums
    (2430.1927462529488 1049.8251214672093 389.54764345410035
     408.38848623736561 -961.70021405826469 -1414.320880266532
     -1901.9329030868271))
   (prods
    ((2259.6354852006443 -435.23606345247345 -287.02238468710357
      -17.6262434400131 -395.93227591475761 -483.85285925616409
      -639.96565845013185)
     (-435.23606345247345 1978.7105284662298 -302.19405114609071
      -143.23824554221409 -443.77238359495942 -337.06438077249805
      -317.20540395799514)
     (-287.02238468710357 -302.19405114609071 1594.6125758681808
      -163.02456437067963 -330.50445159243964 -287.7675799199431
      -224.09954415192431)
     (-17.6262434400131 -143.23824554221409 -163.02456437067963
      1215.299942129395 -308.5458687019173 -337.05769939229532
      -245.80732068227502)
     (-395.93227591475761 -443.77238359495942 -330.50445159243964
      -308.5458687019173 1435.3505602594166 46.079603032069244
      -2.6751834874121085)
     (-483.85285925616409 -337.06438077249805 -287.7675799199431
