(((multibracket ((8 0 0 0) (2 1 0) (4 2 0 0)))
  ((samples 225000)
   (sums
    (88405.3018279522 48759.3463376975 4216.3833077611062 20269.616839664839
     3759.0860624339352 -34304.889247234423 -48755.438066966941
     -82349.407061308215))
   (prods
    ((90756.172868353562 -1220.9416085005896 -15620.429119507926
      1502.2139211257606 -2351.7489625700578 -16964.972722444145
      -21449.560548313733 -34650.733828142933)
     (-1220.9416085005896 73186.872722015643 -14559.302447018525
      -3643.539672587664 -4567.4439350880066 -12487.162637844414
      -14846.385016599528 -21862.097404376946)
     (-15620.429119507926 -14559.302447018525 59626.742028634391
      -5170.240976545203 -5555.2355207966366 -6670.6714617417229
      -5625.0353418543236 -6425.8271611700311)
     (1502.2139211257606 -3643.539672587664 -5170.240976545203
      46733.291097943234 -4995.3069854711384 -10146.137417800093
      -10566.700403327764 -13713.57956333712)
     (-2351.7489625700578 -4567.4439350880066 -5555.2355207966366
      -4995.3069854711384 39642.413083854481 -7317.999947508305
      -7001.1898836961263 -7853.4878487242231)
     (-16964.972722444145 -12487.162637844414 -6670.6714617417229
      -10146.137417800093 -7317.999947508305 44265.11194267861
      2490.4381174127075 6831.394127247373)
     (-21449.560548313733 -14846.385016599528 -5625.0353418543236
      -10566.700403327764 -7001.1898836961263 2490.4381174127075
      44513.323042731143 12485.110033647616)
     (-34650.733828142933 -21862.097404376946 -6425.8271611700311
      -13713.57956333712 -7853.4878487242231 6831.394127247373
      12485.110033647616 65189.221644856276)))))
 ((proper (2 1 1 1 1 1 1 0))
  ((samples 225000)
   (sums
    (113812.80940557142 119504.97692037793 55186.69125074552
     7817.9093864335637 -31740.132733321239 -64612.514365384108
     -90998.162137034014 -108971.57772738907))
   (prods
    ((131984.18450182106 48171.902189475273 15098.946399024089
      -8348.967049854522 -27456.25150259761 -42975.176823155911
      -54802.68405115643 -61671.953663556065)
     (48171.902189475273 141327.24743074676 22649.037351775769
      -6784.1099382144685 -29726.779205836414 -47664.964578910309
      -60411.728278984454 -67560.604970052111)
     (15098.946399024089 22649.037351775769 83406.904062097223
      -5384.0764713480594 -17889.697891178621 -27305.476374275851
      -34033.843878200118 -36541.7931978944)
     (-8348.967049854522 -6784.1099382144685 -5384.0764713480594
      66198.907002983586 -8430.1825657996542 -11348.517261209363
      -12990.903018679237 -12912.150697878318)
     (-27456.25150259761 -29726.779205836414 -17889.697891178621
      -8430.1825657996542 67988.704676841051 3022.7465352790123
      5162.6685529042479 7328.7914003879941)
     (-42975.176823155911 -47664.964578910309 -27305.476374275851
      -11348.517261209363 3022.7465352790123 79078.312396624911
      21558.886603919993 25634.189501727524)
     (-54802.68405115643 -60411.728278984454 -34033.843878200118
      -12990.903018679237 5162.6685529042479 21558.886603919993
      94387.90294113617 41129.701129059787)
     (-61671.953663556065 -67560.604970052111 -36541.7931978944
      -12912.150697878318 7328.7914003879941 25634.189501727524
      41129.701129059787 104593.8204982056)))))
 ((proper (2 1 1 1 3 0 0))
  ((samples 225000)
   (sums
    (101316.95510289237 98992.7076689499 73194.520369962716
     22751.250322416345 -31734.288387364111 -64478.173380774846
     -91188.455971582734 -108854.51572449948))
   (prods
    ((111272.82765567751 32610.885207871419 23846.27709235948
      1496.5886033263712 -25290.085073132021 -38757.731589867333
      -49670.319774175972 -55508.44212205946)
     (32610.885207871419 117057.27091431404 27236.506513813674
      1500.9786282180698 -27408.661346777379 -41612.467953318483
      -52010.061947765105 -57374.450016356139)
     (23846.27709235948 27236.506513813674 88449.434109193142
      624.62670094163616 -20605.125608326813 -32668.014631295984
      -41376.866539576367 -45506.837637108853)
     (1496.5886033263712 1500.9786282180698 624.62670094163616
      63254.209362801135 -10174.480449769517 -16395.726854575976
      -19671.032794235045 -20635.1631967067)
     (-25290.085073132021 -27408.661346777379 -20605.125608326813
      -10174.480449769517 67718.931588046617 3052.2282206696964
      5412.082300272833 7295.1103690165719)
     (-38757.731589867333 -41612.467953318483 -32668.014631295984
      -16395.726854575976 3052.2282206696964 79106.849213616137
      21753.460670114589 25521.402924657363)
     (-49670.319774175972 -52010.061947765105 -41376.866539576367
      -19671.032794235045 5412.082300272833 21753.460670114589
      94162.9972054368 41399.740879928249)
     (-55508.44212205946 -57374.450016356139 -45506.837637108853
      -20635.1631967067 7295.1103690165719 25521.402924657363
      41399.740879928249 104808.63879862898)))))
 ((proper (2 1 1 3 0 1 0))
  ((samples 225000)
   (sums
    (106002.65750261184 114976.06818670769 36551.337817194573
     24595.66685525978 -17824.21649116847 -64405.311097877951
     -91285.401569913389 -108610.80120281412))
   (prods
    ((119644.21433790727 38965.370480001169 4421.83438283242
      2962.4556659051927 -16914.303414752372 -39892.950128629731
      -51567.6844595222 -57618.936863741787)
     (38965.370480001169 136727.37996257443 9733.5519980082518
      4400.683948654203 -19365.371116441904 -46023.075328903265
      -59259.649194893187 -65178.890748999591)
     (4421.83438283242 9733.5519980082518 73239.223415260654
      -1885.3188492279689 -10820.888628142855 -21700.276333562331
      -25970.07175961139 -27018.054225556774)
     (2962.4556659051927 4400.683948654203 -1885.3188492279689
      62283.817791441979 -9897.38098368309 -16430.238729756591
      -20098.537657898138 -21335.481185435616)
     (-16914.303414752372 -19365.371116441904 -10820.888628142855
      -9897.38098368309 59331.811051446632 -1791.0871625677303
      -893.92988733049992 351.15014147181773)
     (-39892.950128629731 -46023.075328903265 -21700.276333562331
      -16430.238729756591 -1791.0871625677303 78864.6413116662
      21770.368647872892 25202.617723880605)
     (-51567.6844595222 -59259.649194893187 -25970.07175961139
      -20098.537657898138 -893.92988733049992 21770.368647872892
      94623.252196830508 41396.25211455203)
     (-57618.936863741787 -65178.890748999591 -27018.054225556774
      -21335.481185435616 351.15014147181773 25202.617723880605
      41396.25211455203 104201.34304382929)))))
 ((proper (2 1 3 0 1 1 0))
  ((samples 225000)
   (sums
    (108832.84186682485 117314.63518002315 51837.845219389113
     -10275.144558633463 -15067.324599049343 -52733.13785117794
     -90931.310007596025 -108978.40524978031))
   (prods
    ((124099.47416358389 42817.464735050613 10901.915518245625
      -17889.937542434058 -15337.667186272383 -33548.543821954176
      -52088.922433204723 -58953.783433014789)
     (42817.464735050613 140079.67586646276 19907.698683508715
      -19160.561671137446 -18135.965263629994 -38860.9666909295
      -59663.42164071092 -66983.924018614169)
     (10901.915518245625 19907.698683508715 82255.08136827292
      -11603.883520199664 -11957.747902160469 -22215.457502692498
      -32434.727146617304 -34852.879498357273)
     (-17889.937542434058 -19160.561671137446 -11603.883520199664
      66131.813864244192 -4960.978993985892 -4326.93253193997
      -4899.0313507205674 -3290.488253826572)
     (-15337.667186272383 -18135.965263629994 -11957.747902160469
      -4960.978993985892 57006.104327793488 -4158.2387787012412
      -1729.093649448987 -726.412553594525)
     (-33548.543821954176 -38860.9666909295 -22215.457502692498
      -4326.93253193997 -4158.2387787012412 68496.274852681076
      15697.569489285701 18916.294984250591)
     (-52088.922433204723 -59663.42164071092 -32434.727146617304
      -4899.0313507205674 -1729.093649448987 15697.569489285701
      93947.268642622526 41170.358088794324)
     (-58953.783433014789 -66983.924018614169 -34852.879498357273
      -3290.488253826572 -726.412553594525 18916.294984250591
      41170.358088794324 104720.83468436236)))))
 ((proper (2 1 3 2 0 0))
  ((samples 225000)
   (sums
    (94921.823551482186 89269.276599863268 66971.266945971118
     17163.241904170995 -15214.791873832028 -52783.821416837884
     -91146.432691022856 -109180.56301979473))
   (prods
    ((100932.55132189562 25218.475668831277 18360.884447037581
      -2036.3352561895108 -14068.134311023667 -29711.30690399776
      -46518.0630623455 -52178.071904208075)
     (25218.475668831277 105990.07951065133 19516.178458758543
      -3568.8877086660818 -16090.368478834253 -31369.937704660661
      -47343.474617234773 -52352.0651288453)
     (18360.884447037581 19516.178458758543 83910.287248252556
      -1829.9050158872922 -12807.623550733522 -25862.6144402181
      -38664.587061008257 -42622.6200862016)
     (-2036.3352561895108 -3568.8877086660818 -1829.9050158872922
      62382.049231019191 -7636.2243151841749 -12090.632024049488
      -17432.022950895709 -17788.041960146904)
     (-14068.134311023667 -16090.368478834253 -12807.623550733522
      -7636.2243151841749 57085.77425402774 -4028.8709627504359
      -1555.9535471642266 -898.59908833749489)
     (-29711.30690399776 -31369.937704660661 -25862.6144402181
      -12090.632024049488 -4028.8709627504359 68352.1822318244
      15649.073669521445 19062.106134330643)
     (-46518.0630623455 -47343.474617234773 -38664.587061008257
      -17432.022950895709 -1555.9535471642266 15649.073669521445
      94377.589237072767 41487.43833205424)
     (-52178.071904208075 -52352.0651288453 -42622.6200862016
      -17788.041960146904 -898.59908833749489 19062.106134330643
      41487.43833205424 105289.85370135453)))))
 ((proper (2 3 0 1 1 1 0))
  ((samples 225000)
   (sums
    (110690.93964219508 118692.26438426704 53974.979880743573
     4316.628607256579 -46623.7265206361 -48983.865464101553
     -83541.02147134098 -108526.19905838365))
   (prods
    ((127016.69435333366 45188.22996225307 13177.466469927549
      -10280.432832166893 -35569.312101394942 -31475.001582695048
      -48152.957389459152 -59904.68687979813)
     (45188.22996225307 141037.34415446254 21934.441368090607
      -9224.5118718162576 -40197.429608561128 -36289.129535597123
      -55239.364361437176 -67209.580107394475)
     (13177.466469927549 21934.441368090607 83034.472048479438
      -7350.6273047309387 -22934.290894228314 -21533.43634342925
      -30667.613853967629 -35660.411490141545)
     (-10280.432832166893 -9224.5118718162576 -7350.6273047309387
      66008.230378259075 -8381.75744540549 -9151.5583807798084
      -10589.701460272001 -11029.641083087685)
     (-35569.312101394942 -40197.429608561128 -22934.290894228314
      -8381.75744540549 74494.387057473956 5403.6393843115438
      11602.948859792654 15581.814748011757)
     (-31475.001582695048 -36289.129535597123 -21533.43634342925
      -9151.5583807798084 5403.6393843115438 63872.449050885945
      11525.953847660197 17647.083559643535)
     (-48152.957389459152 -55239.364361437176 -30667.613853967629
      -10589.701460272001 11602.948859792654 11525.953847660197
      85075.90252876989 36444.831828913339)
     (-59904.68687979813 -67209.580107394475 -35660.411490141545
      -11029.641083087685 15581.814748011757 17647.083559643535
      36444.831828913339 104130.58942385323)))))
 ((proper (2 3 0 3 0 0))
  ((samples 225000)
   (sums
    (98576.506818127134 96993.832631568366 71160.202075231951
     21281.115983003903 -46715.293804961388 -49108.316170056925
     -83675.10591362117 -108512.94161929193))
   (prods
    ((107149.30930596052 29666.589495833356 21850.501260537458
      254.57391048596122 -32321.402398387228 -28924.173283240685
      -43877.8428274969 -53797.555463692508)
     (29666.589495833356 115035.35292902392 25242.723495045495
      94.818830200304319 -35441.734289493266 -31838.035220591137
      -46826.491810274209 -55933.223429744481)
     (21850.501260537458 25242.723495045495 87292.90376758152
      -562.98192111244725 -26648.222602355385 -25502.191553244829
      -37229.085242888548 -44443.647203563269)
     (254.57391048596122 94.818830200304319 -562.98192111244725
      63031.753175453487 -12772.732237388107 -12843.714656005144
      -17414.139614977223 -19787.577486656781)
     (-32321.402398387228 -35441.734289493266 -26648.222602355385
      -12772.732237388107 73918.079016844844 5588.2964221698139
      11966.598047388079 15711.118041221256)
     (-28924.173283240685 -31838.035220591137 -25502.191553244829
      -12843.714656005144 5588.2964221698139 64403.742037696487
      11540.613208657354 17575.463044558084)
     (-43877.8428274969 -46826.491810274209 -37229.085242888548
      -17414.139614977223 11966.598047388079 11540.613208657354
      85420.677596488764 36419.670643102691)
     (-53797.555463692508 -55933.223429744481 -44443.647203563269
      -19787.577486656781 15711.118041221256 17575.463044558084
      36419.670643102691 104255.7518547751)))))
 ((proper (2 3 2 0 1 0))
  ((samples 225000)
   (sums
    (103062.7114131479 113431.17272934549 27704.900579473873
     19602.759467626365 -22730.060269638419 -48849.862365496039
     -83200.427811408023 -109021.19374305109))
   (prods
    ((115227.48207446795 35736.4982799913 -677.20355736068473
      -119.49141879161758 -19448.574036841357 -29629.125298509593
      -45005.17470854662 -56084.411334409357)
     (35736.4982799913 135878.06671429158 2920.2150847822654
      656.97023009675593 -22535.668970666276 -35363.47564769772
      -52725.805042110311 -64566.800648687546)
     (-677.20355736068473 2920.2150847822654 70232.984341233518
      -4659.0978267306773 -11706.795741369377 -14791.989657076741
      -19223.193789110694 -22094.918854367636)
     (-119.49141879161758 656.97023009675593 -4659.0978267306773
      61062.859286926308 -9934.0560126620076 -12207.602373580232
      -16104.635644907874 -18694.946240350659)
     (-19448.574036841357 -22535.668970666276 -11706.795741369377
      -9934.0560126620076 60670.186331655808 -880.36603846167554
      867.647868211623 2967.626600133287)
     (-29629.125298509593 -35363.47564769772 -14791.989657076741
      -12207.602373580232 -880.36603846167554 64156.783380141591
      11268.649022062498 17447.126613121851)
     (-45005.17470854662 -52725.805042110311 -19223.193789110694
      -16104.635644907874 867.647868211623 11268.649022062498
      84582.585126090926 36339.92716831046)
     (-56084.411334409357 -64566.800648687546 -22094.918854367636
      -18694.946240350659 2967.626600133287 17447.126613121851
      36339.92716831046 104686.39669624959)))))
 ((proper (2 5 1 0 0))
  ((samples 225000)
   (sums
    (90850.835657998876 85107.754321548768 59167.0628577949
     9254.0579280386173 -8554.6036170664211 -45967.198434287035
     -81231.557126906 -108626.35158712175))
   (prods
    ((94773.093281821712 20610.810651182455 13654.694951315018
      -5837.6069027885369 -10008.729290454718 -24816.023587006777
      -38891.85171381211 -49484.387390257027)
     (20610.810651182455 101100.31224927964 14225.210384198037
      -7026.0361806428391 -12401.672136856841 -26767.967424576389
      -40111.819530987384 -49628.838011596687)
     (13654.694951315018 14225.210384198037 79685.292700606267
      -7693.7505251838038 -9816.0784642074 -21118.600443525458
      -30994.373155360292 -37942.395447842355)
     (-5837.6069027885369 -7026.0361806428391 -7693.7505251838038
      61448.072149487452 -6082.424857383905 -9586.9718713538532
      -11875.251863844014 -13346.02994829047)
     (-10008.729290454718 -12401.672136856841 -9816.0784642074
      -6082.424857383905 53118.650364805319 -5245.2958707786293
      -5464.3869456640514 -4100.06279945981)
     (-24816.023587006777 -26767.967424576389 -21118.600443525458
      -9586.9718713538532 -5245.2958707786293 62046.630226575042
      10025.994624753128 15462.234345912922)
     (-38891.85171381211 -40111.819530987384 -30994.373155360292
      -11875.251863844014 -5464.3869456640514 10025.994624753128
      82547.934224521712 34763.754360392981)
     (-49484.387390257027 -49628.838011596687 -37942.395447842355
      -13346.02994829047 -4100.06279945981 15462.234345912922
      34763.754360392981 104275.72489114055)))))
 ((proper (4 0 1 1 1 1 0))
  ((samples 225000)
   (sums
    (112100.17685820047 118781.36016707524 55508.245185961081
     6159.8179206549485 -33742.073172343931 -73975.407201298687
     -76122.3985465947 -108709.7212116544))
   (prods
    ((129515.76102850511 46864.955154111478 14884.047575281138
      -9725.3393637889876 -28059.680600385575 -47789.856522298869
      -44924.775004391748 -60765.112267032549)
     (46864.955154111478 140424.36891232937 22781.873506919783
      -7776.3399581585782 -31135.506028948752 -53738.235225623488
      -50164.410767505033 -67256.705593124949)
     (14884.047575281138 22781.873506919783 83551.794812068911
      -5985.5513012209685 -19006.320479170965 -31189.231686265
      -28300.525313348517 -36736.087114264439)
     (-9725.3393637889876 -7776.3399581585782 -5985.5513012209685
      66418.193348323082 -8688.5665841637656 -11563.035787757533
      -10768.245023168256 -11911.115330064988)
     (-28059.680600385575 -31135.506028948752 -19006.320479170965
      -8688.5665841637656 68194.468679123864 5214.4628186051377
      4647.0331204340609 8834.1090745059682)
     (-47789.856522298869 -53738.235225623488 -31189.231686265
      -11563.035787757533 5214.4628186051377 86025.703181772769
      21448.482408326276 31591.710813240614)
     (-44924.775004391748 -50164.410767505033 -28300.525313348517
      -10768.245023168256 4647.0331204340609 21448.482408326276
      76439.28982286551 31623.150756787643)
     (-60765.112267032549 -67256.705593124949 -36736.087114264439
      -11911.115330064988 8834.1090745059682 31591.710813240614
      31623.150756787643 104620.04965995267)))))
 ((proper (4 0 1 3 0 0))
  ((samples 225000)
   (sums
    (99917.442093490172 98181.365112686908 72296.257758218067
     22294.922241741056 -33623.45921716217 -73789.48667910503
     -76363.348664240853 -108913.69264562812))
   (prods
    ((108781.70887216249 31368.020112003996 22757.621341208982
      925.73710377159421 -26029.600248387349 -43015.352456184206
      -40243.647625731239 -54544.487098844264)
     (31368.020112003996 115733.54081347462 26368.095551840062
      996.11402055380779 -28372.253473131579 -46269.708756415763
      -42931.439947303574 -56892.36832102156)
     (22757.621341208982 26368.095551840062 88234.50783197183
      552.23796966814211 -21245.0503355095 -36963.608647565925
      -34560.36137371845 -45143.442337895154)
     (925.73710377159421 996.11402055380779 552.23796966814211
      63509.09435205099 -11006.611647386213 -17678.107749878654
      -16940.102705863133 -20358.361342916534)
     (-26029.600248387349 -28372.253473131579 -21245.0503355095
      -11006.611647386213 68553.0467139337 4952.2213144698617
      4331.6596090981311 8816.5880669129219)
     (-43015.352456184206 -46269.708756415763 -36963.608647565925
      -17678.107749878654 4952.2213144698617 85913.39747170909
      21619.60065724016 31441.558166625462)
     (-40243.647625731239 -42931.439947303574 -34560.36137371845
      -16940.102705863133 4331.6596090981311 21619.60065724016
      76742.060245010158 31982.231141267963)
     (-54544.487098844264 -56892.36832102156 -45143.442337895154
      -20358.361342916534 8816.5880669129219 31441.558166625462
      31982.231141267963 104698.28172587113)))))
 ((proper (4 0 3 0 1 0))
  ((samples 225000)
   (sums
    (105357.91560751268 114673.66541662031 34775.599884284973
     23501.062775209622 -19247.52934421365 -74036.863388409809
     -76040.957544480509 -108982.89340652358))
   (prods
    ((118863.96050054951 38322.945476345289 3047.1985206054978
      2591.8978667218776 -17911.339354029456 -45485.63023243186
      -42083.220104306223 -57345.812673454631)
     (38322.945476345289 136909.79480940866 7703.2013415738829
      3432.2609704799652 -20326.217063922424 -52419.153284466884
      -48533.008510503321 -65089.823738915118)
     (3047.1985206054978 7703.2013415738829 73311.3149080116
      -2616.5602308722468 -11280.206615097895 -23374.737977761539
      -20756.991223763729 -26033.218722695583)
     (2591.8978667218776 3432.2609704799652 -2616.5602308722468
      62085.516632865205 -10120.048635595929 -17818.943767725774
      -16879.344316176848 -20674.778519696283)
     (-17911.339354029456 -20326.217063922424 -11280.206615097895
      -10120.048635595929 60394.470438327742 -691.74893568947732
      -1119.2968971670816 1054.3870631744912)
     (-45485.63023243186 -52419.153284466884 -23374.737977761539
      -17818.943767725774 -691.74893568947732 86565.083433459033
      21622.126471698681 31603.004292917791)
     (-42083.220104306223 -48533.008510503321 -20756.991223763729
      -16879.344316176848 -1119.2968971670816 21622.126471698681
      76032.443556235376 31717.291023983187)
     (-57345.812673454631 -65089.823738915118 -26033.218722695583
      -20674.778519696283 1054.3870631744912 31603.004292917791
      31717.291023983187 104768.95127468609)))))
 ((proper (4 2 0 1 1 0))
  ((samples 225000)
   (sums
    (108043.99712623535 116952.74418877428 50428.467674863139
     -15400.722211649652 -18809.199242452494 -56325.429556870076
     -76173.271925465073 -108716.5860534354))
   (prods
    ((123048.63090652283 42156.361661742572 9445.07947708983
      -20482.701357822658 -17507.337023419255 -35532.711226644678
      -42873.938226227408 -58253.384211241289)
     (42156.361661742572 139577.89987342645 18544.712822616977
      -23149.123211926788 -20473.981766460853 -40908.165745249382
      -49624.793502304507 -66122.91013184459)
     (9445.07947708983 18544.712822616977 82191.223839657585
      -12962.613096525194 -13352.316255189387 -23094.847545909448
      -26578.673149195791 -34192.566092544577)
     (-20482.701357822658 -23149.123211926788 -12962.613096525194
      66974.120871205334 -4631.8809039574535 -3421.5326863665582
      -2214.25084962495 -112.01876498177533)
     (-17507.337023419255 -20473.981766460853 -13352.316255189387
      -4631.8809039574535 57844.67079733534 -2827.0294286312196
      -666.598023407902 1614.472603730743)
     (-35532.711226644678 -40908.165745249382 -23094.847545909448
      -3421.5326863665582 -2827.0294286312196 70647.3415732139
      13965.824233469957 21171.12082611736)
     (-42873.938226227408 -49624.793502304507 -26578.673149195791
      -2214.25084962495 -666.598023407902 13965.824233469957
      76401.622438627048 31590.807078663529)
     (-58253.384211241289 -66122.91013184459 -34192.566092544577
      -112.01876498177533 1614.472603730743 21171.12082611736
      31590.807078663529 104304.47869210057)))))
 ((proper (4 2 2 0 0))
  ((samples 225000)
   (sums
    (93317.939025431187 86384.356827251366 65472.359916887995
     15078.686835194718 -19353.886423067856 -56129.288692300062
     -75957.115075712369 -108813.05241368496))
   (prods
    ((98452.481304440807 23132.173527321072 17060.520767467016
      -3141.6844138775177 -16293.294345849084 -30806.724434491218
      -37332.610961407874 -51070.861443603295)
     (23132.173527321072 102539.879501075 17241.589304694575
      -4819.3513826450016 -17992.323334499844 -32177.689798367777
      -37671.495647221214 -50252.782170356862)
     (17060.520767467016 17241.589304694575 83241.322826435411
      -3155.3784519741548 -14520.640467916039 -26785.693312743449
      -31679.881187141687 -41401.839478821654)
     (-3141.6844138775177 -4819.3513826450016 -3155.3784519741548
      62002.475382735422 -8049.1014250177905 -12404.74954582767
      -13940.899955113602 -16491.31020827969)
     (-16293.294345849084 -17992.323334499844 -14520.640467916039
      -8049.1014250177905 58125.809348321978 -2580.1642929390127
      -462.43190062526844 1772.1464185250372)
     (-30806.724434491218 -32177.689798367777 -26785.693312743449
      -12404.74954582767 -2580.1642929390127 70054.21755976569
      13630.058311824409 21070.745512779056)
     (-37332.610961407874 -37671.495647221214 -31679.881187141687
      -13940.899955113602 -462.43190062526844 13630.058311824409
      75855.065782666556 31602.195557018702)
     (-51070.861443603295 -50252.782170356862 -41401.839478821654
      -16491.31020827969 1772.1464185250372 21070.745512779056
      31602.195557018702 104771.7058127387)))))
 ((proper (6 1 0 1 0))
  ((samples 225000)
   (sums
    (101636.61250183126 112192.30653928597 25080.277295449829
     14702.185324210717 -27723.494533086214 -41194.142350600683
     -75847.247833460642 -108846.49694363013))
   (prods
    ((112661.41191916085 34038.116051087192 -2145.4248190411026
      -2780.711134844858 -21304.6527142363 -24740.5269292083
      -40350.455979532926 -55377.756393384559)
     (34038.116051087192 134287.48830819 1127.4235597875384
      -2252.539032536195 -25979.134698504815 -29854.099390773365
      -47665.996991883723 -63701.257805366724)
     (-2145.4248190411026 1127.4235597875384 68397.200034062276
      -5692.2092302953743 -12297.257707345694 -12818.711966244546
      -16371.414504210352 -20199.605366712774)
     (-2780.711134844858 -2252.539032536195 -5692.2092302953743
      60076.541990795275 -10729.321780819604 -9823.5696133055535
      -13411.633316961967 -15386.55788203173)
     (-21304.6527142363 -25979.134698504815 -12297.257707345694
      -10729.321780819604 62242.0288352501 -427.98001840946176
      2448.601737704872 6047.7163463609268)
     (-24740.5269292083 -29854.099390773365 -12818.711966244546
      -9823.5696133055535 -427.98001840946176 57330.550509290057
      7675.7178976093192 12658.619511041828)
     (-40350.455979532926 -47665.996991883723 -16371.414504210352
      -13411.633316961967 2448.601737704872 7675.7178976093192
      76148.331078589821 31526.85007868494)
     (-55377.756393384559 -63701.257805366724 -20199.605366712774
      -15386.55788203173 6047.7163463609268 12658.619511041828
      31526.85007868494 104431.99151140808)))))
 ((proper (8 0 0 0))
  ((samples 225000)
   (sums
    (88504.914781935 80219.723992826359 55508.163939836093 5938.8860334038645
     -3906.8940276939238 -41402.644893113131 -75884.200002428377
     -108977.94982476591))
   (prods
    ((90880.193844409383 17791.112062500579 11633.230733668672
      -7113.2550573847784 -7626.48777990265 -22037.761052359696
      -35155.454266545479 -48371.578484385995)
     (17791.112062500579 95563.9397487432 10729.333791357751
      -9203.7107965540927 -9639.9278600509733 -23188.700772072836
      -35128.142786766286 -46923.903387157392)
     (11633.230733668672 10729.333791357751 76551.096390771723
      -8534.7949960808855 -8442.9018684079165 -18769.299887613641
      -27654.577694303571 -35512.086469392125)
     (-7113.2550573847784 -9203.7107965540927 -8534.7949960808855
      60688.501042713186 -5821.8369177973555 -8498.8886387374259
      -10289.959788936287 -11226.054847222349)
     (-7626.48777990265 -9639.9278600509733 -8442.9018684079165
      -5821.8369177973555 51017.674128655024 -5744.8594035398137
      -6979.6853035237136 -6761.9749954325926)
     (-22037.761052359696 -23188.700772072836 -18769.299887613641
      -8498.8886387374259 -5744.8594035398137 57875.416953798856
      7707.6016569230915 12656.491143601468)
     (-35155.454266545479 -35128.142786766286 -27654.577694303571
      -10289.959788936287 -6979.6853035237136 7707.6016569230915
      76121.038689859372 31379.179493292853)
     (-48371.578484385995 -46923.903387157392 -35512.086469392125
      -11226.054847222349 -6761.9749954325926 12656.491143601468
      31379.179493292853 104759.92754669611)))))
 ((multibracket ((8 0 0 0) (2 1 0) (4 2 0 0) (1)))
  ((samples 216000)
   (sums
    (85072.601619979556 46424.618338345106 3984.5216233218562
     18961.478224924009 3311.6055318194813 -32694.49648584858
     -46814.547035272837 -78245.781817268653))
   (prods
    ((87403.5534536647 -1467.9040183568088 -15025.698879229543
      1068.1869933844293 -2176.1407812036064 -16218.804246758018
      -20634.167933443558 -32949.024588057589)
     (-1467.9040183568088 70349.119722582109 -14059.215766611578
      -3824.3155207631007 -4318.7995295311612 -11887.876956160331
      -14050.926138450912 -20740.081792708213)
     (-15025.698879229543 -14059.215766611578 57213.982750922791
      -4844.9944112187923 -5446.9869128044647 -6439.8444783765235
      -5489.6771774946465 -5907.5651251872177)
     (1068.1869933844293 -3824.3155207631007 -4844.9944112187923
      44809.224041396417 -5052.82441499838 -9387.0364335336963
      -10078.308530213539 -12689.931724053346)
     (-2176.1407812036064 -4318.7995295311612 -5446.9869128044647
      -5052.82441499838 37868.196878407769 -7030.6291969581753
      -6349.6447008423229 -7493.1713420696879)
     (-16218.804246758018 -11887.876956160331 -6439.8444783765235
      -9387.0364335336963 -7030.6291969581753 42284.269437169525
      2279.98375920091 6399.9381154163239)
     (-20634.167933443558 -14050.926138450912 -5489.6771774946465
      -10078.308530213539 -6349.6447008423229 2279.98375920091
      42616.237106232613 11706.503615011483)
     (-32949.024588057589 -20740.081792708213 -5907.5651251872177
      -12689.931724053346 -7493.1713420696879 6399.9381154163239
      11706.503615011483 61673.332841648262))))))