(((bracket (((1 v 8) v (6 v 7)) v ((2 v 5) v (3 v 4))))
  ((samples 54100)
   (sums
    (18199.679749047329 17601.628591511686 34782.25554451358
     -7613.7586220619314 39642.699975123571 13623.119250309757
     -40673.4288792066 -75562.195609237344))
   (prods
    ((19813.920290940459 2133.8574411202426 7841.2302621233121
      -4447.3064971007707 10809.472653750541 4603.8136732167741
      -14787.193166823268 -25967.794657227329)
     (2133.8574411202426 28350.43240562659 7344.3988774199715
      -6534.9219109029927 7338.3073410313809 3803.4679661773826
      -15891.386551080928 -26544.155569391645)
     (7841.2302621233121 7344.3988774199715 58637.859960138441
      -10676.634215403585 20873.8042015332 7151.8421076340774
      -34176.479365938096 -56996.021827507313)
     (-4447.3064971007707 -6534.9219109029927 -10676.634215403585
      22171.156112744884 -6767.6487973304174 -3783.5199429861909
      1660.3942898388821 8378.480961140227)
     (10809.472653750541 7338.3073410313809 20873.8042015332
      -6767.6487973304174 77611.755764707923 8168.2462534946872
      -40917.006132223039 -77116.931284964332)
     (4603.8136732167741 3803.4679661773826 7151.8421076340774
      -3783.5199429861909 8168.2462534946872 26952.161836967229
      -18231.933013976504 -28664.078880527464)
     (-14787.193166823268 -15891.386551080928 -34176.479365938096
      1660.3942898388821 -40917.006132223039 -18231.933013976504
      62613.784017158243 59729.819923044721)
     (-25967.794657227329 -26544.155569391645 -56996.021827507313
      8378.480961140227 -77116.931284964332 -28664.078880527464
      59729.819923044721 147180.681335433)))))
 ((bracket (((1 v 7) v (6 v 8)) v ((2 v 5) v (3 v 4))))
  ((samples 54100)
   (sums
    (18502.063861468767 18260.24101600354 39902.829919416 -7540.7235521987
     18030.73997527087 29003.988200335851 -40832.598940293246
     -75326.540480003139))
   (prods
    ((20298.821011604719 2463.6059955602568 9940.9587700273
      -4329.8710510225046 3110.6053734760017 9967.8449883918183
      -15087.355999732375 -26364.609088305242)
     (2463.6059955602568 29550.545574006006 8875.6760304541222
      -6774.1594181615 573.70361684821341 9344.8958931997986
      -16572.607298172945 -27461.660393733935)
     (9940.9587700273 8875.6760304541222 68897.865293304189
      -11340.941133993789 9596.0486205812958 17570.405542994456
      -38350.171041738344 -65189.842081629278)
     (-4329.8710510225046 -6774.1594181615 -11340.941133993789
      22558.323025112524 -5079.7769982165291 -5125.6693299734725
      1723.0720826684553 8369.0228235868162)
     (3110.6053734760017 573.70361684821341 9596.0486205812958
      -5079.7769982165291 44882.588784011241 8187.3260424675436
      -24257.269152978894 -37013.226286188838)
     (9967.8449883918183 9344.8958931997986 17570.405542994456
      -5125.6693299734725 8187.3260424675436 47725.826524073767
      -29458.86324384269 -58211.766417311163)
     (-15087.355999732375 -16572.607298172945 -38350.171041738344
      1723.0720826684553 -24257.269152978894 -29458.86324384269
      62545.389050303347 59457.805603493434)
     (-26364.609088305242 -27461.660393733935 -65189.842081629278
      8369.0228235868162 -37013.226286188838 -58211.766417311163
      59457.805603493434 146414.27584008811)))))
 ((bracket (((1 v 6) v (7 v 8)) v ((2 v 5) v (3 v 4))))
  ((samples 54100)
   (sums
    (18499.3709134074 19041.289702464026 48839.344071058775
     -7630.9678360824346 4698.8024292694154 33263.686047438881
     -41141.707719098958 -75569.8176084571))
   (prods
    ((20458.801900629009 2861.4620853417418 13038.38826214823
      -4638.9728882954614 -1759.982207562131 11602.373200407641
      -15092.471891969066 -26469.598460700003)
     (2861.4620853417418 31370.088959594814 11585.863694591761
      -6744.1350503067706 -4040.3569827108236 11534.303681060086
      -17595.447739211402 -28971.7786483594)
     (13038.38826214823 11585.863694591761 86225.419812531269
      -12024.290785873607 1075.2281809488657 29586.032715964175
      -48649.328198018971 -80837.3136822917)
     (-4638.9728882954614 -6744.1350503067706 -12024.290785873607
      22667.665199977258 -3810.4339307676773 -5805.7496070667885
      1785.7950185383786 8570.1220437946577)
     (-1759.982207562131 -4040.3569827108236 1075.2281809488657
      -3810.4339307676773 33551.160362027862 269.56792801454026
      -11087.628981353291 -14197.554368597353)
     (11602.373200407641 11534.303681060086 29586.032715964175
      -5805.7496070667885 269.56792801454026 51121.844748759468
      -33102.651562692008 -65205.721104447141)
     (-15092.471891969066 -17595.447739211402 -48649.328198018971
      1785.7950185383786 -11087.628981353291 -33102.651562692008
      63446.221528887683 60295.5118258187)
     (-26469.598460700003 -28971.7786483594 -80837.3136822917
      8570.1220437946577 -14197.554368597353 -65205.721104447141
      60295.5118258187 146816.33239478216)))))
 ((bracket (((1 v 8) v (5 v 7)) v ((2 v 6) v (3 v 4))))
  ((samples 54100)
   (sums
    (18029.41859853001 17126.992421221436 27898.933313084886
     -5710.7861006339363 39863.237068481169 9444.8881246379478
     -31073.214604969478 -75579.468820352049))
   (prods
    ((19310.236644122371 1848.3232974557936 5867.6413084106744
      -3780.136518883492 10944.315975547774 3245.0829282221066
      -11438.64391808775 -25996.819716787464)
     (1848.3232974557936 27585.641793610535 4903.8008621800636
      -5846.3645011708195 7331.8275802753324 1896.3593907109573
      -12201.237148642456 -25518.351274419379)
     (5867.6413084106744 4903.8008621800636 47866.901099453484
      -9226.0355788144 14435.204913092224 1990.3075052018578
      -20697.895024962116 -45139.925084561815)
     (-3780.136518883492 -5846.3645011708195 -9226.0355788144
      23421.771999925659 -5462.173813086265 -3226.5712124937768
      -1566.0663150397872 5685.5759395628893)
     (10944.315975547774 7331.8275802753324 14435.204913092224
      -5462.173813086265 78160.167489093539 4815.5629357746457
      -32741.990498507424 -77482.914582189827)
     (3245.0829282221066 1896.3593907109573 1990.3075052018578
      -3226.5712124937768 4815.5629357746457 26427.623833955724
      -13235.572007768591 -21912.793373602941)
     (-11438.64391808775 -12201.237148642456 -20697.895024962116
      -1566.0663150397872 -32741.990498507424 -13235.572007768591
      48533.097712717485 43348.3072002907)
     (-25996.819716787464 -25518.351274419379 -45139.925084561815
      5685.5759395628893 -77482.914582189827 -21912.793373602941
      43348.3072002907 147016.92089170797)))))
 ((bracket (((1 v 7) v (5 v 8)) v ((2 v 6) v (3 v 4))))
  ((samples 54100)
   (sums
    (18380.210842763056 17809.438200794113 32021.657863933538
     -6020.8558624034222 18116.853458072292 26630.384329898119
     -31373.551533721722 -75564.137299335969))
   (prods
    ((19951.062775366914 2433.4400766404729 7134.8657873732554
      -3881.5062003430348 3330.6164512882137 9142.4471234726243
      -11735.152012203895 -26375.774001594556)
     (2433.4400766404729 28543.694161597035 6233.85979453577
      -6118.5357735779626 644.06366900320654 8026.3339165397283
      -12799.986730998144 -26962.869113740118)
     (7134.8657873732554 6233.85979453577 55832.004769011532
      -9724.90010047743 5506.7832652559582 10370.318376636338
      -23654.526628839598 -51698.405263495792)
     (-3881.5062003430348 -6118.5357735779626 -9724.90010047743
      23518.807310730041 -4072.2160273502773 -4201.4427396855717
      -1441.9266225909635 5921.72015329522)
     (3330.6164512882137 644.06366900320654 5506.7832652559582
      -4072.2160273502773 44428.404179505727 7220.2089992845267
      -20063.922877715471 -36993.9376592719)
     (9142.4471234726243 8026.3339165397283 10370.318376636338
      -4201.4427396855717 7220.2089992845267 48086.389800814075
      -23397.212743273529 -55247.042733788243)
     (-11735.152012203895 -12799.986730998144 -23654.526628839598
      -1441.9266225909635 -20063.922877715471 -23397.212743273529
      48932.622548037041 44160.1050675846)
     (-26375.774001594556 -26962.869113740118 -51698.405263495792
      5921.72015329522 -36993.9376592719 -55247.042733788243 44160.1050675846
      147196.20355101067)))))
 ((bracket (((1 v 5) v (7 v 8)) v ((2 v 6) v (3 v 4))))
  ((samples 54100)
   (sums
    (18764.698999109212 19103.711719773939 48238.879893052988
     -6075.6862670346018 -6803.2989399696016 33337.8581893318
     -30958.944531864086 -75607.219062399643))
   (prods
    ((20823.525043352656 2939.4867795140849 12973.039393980069
      -3744.59591547318 -5705.8720370065348 11626.722238076978
      -11882.256921802653 -27030.048580641411)
     (2939.4867795140849 31093.016249867236 10812.499615975497
      -6098.2372987986291 -7961.900441784087 11696.409852445349
      -13534.927111381498 -28946.347645837952)
     (12973.039393980069 10812.499615975497 85368.599114373239
      -10301.79952429987 -11405.345972997839 29649.609137661202
      -37159.92250506179 -79936.67925963056)
     (-3744.59591547318 -6098.2372987986291 -10301.79952429987
      23456.184155881474 -2988.1760777984018 -4896.9011986277792
      -1419.5534534742369 5993.0793125906293)
     (-5705.8720370065348 -7961.900441784087 -11405.345972997839
      -2988.1760777984018 30692.012262704917 -6627.9307679341537
      -800.67780904396568 4797.890843860092)
     (11626.722238076978 11696.409852445349 29649.609137661202
      -4896.9011986277792 -6627.9307679341537 50823.996276983111
      -26831.962295858146 -65439.943242746558)
     (-11882.256921802653 -13534.927111381498 -37159.92250506179
      -1419.5534534742369 -800.67780904396568 -26831.962295858146
      48187.882586668391 43441.417509953819)
     (-27030.048580641411 -28946.347645837952 -79936.67925963056
      5993.0793125906293 4797.890843860092 -65439.943242746558
      43441.417509953819 147120.63106245198)))))
 ((bracket (((1 v 8) v (5 v 6)) v ((2 v 7) v (3 v 4))))
  ((samples 54100)
   (sums
    (17813.382403187137 16657.2680248302 24161.639506058196
     -4541.9490388636059 40049.882707865465 -323.67235256192708
     -18644.18777602203 -75172.363474493453))
   (prods
    ((19008.957959356223 1518.5351040743592 4444.6260972282989
      -3253.3341166307719 10852.058394158048 -319.14184598142003
      -6940.0638049617619 -25311.637787242966)
     (1518.5351040743592 26524.509439340451 3401.6813980767047
      -5108.4013214678453 7785.37468126808 -1103.9048106799389
      -8155.4363664517914 -24862.358124160033)
     (4444.6260972282989 3401.6813980767047 42442.6075084705
      -8517.9251998590062 11326.768394569641 -2065.3770601909564
      -11664.727188530476 -39367.653949764732)
     (-3253.3341166307719 -5108.4013214678453 -8517.9251998590062
      24775.130084147553 -4638.9345603337442 -2637.3462286327231
      -4393.0315058133056 3773.8428485898412)
     (10852.058394158048 7785.37468126808 11326.768394569641
      -4638.9345603337442 77762.476351620251 -4523.8971011981394
      -20749.156624006439 -77814.689536077654)
     (-319.14184598142003 -1103.9048106799389 -2065.3770601909564
      -2637.3462286327231 -4523.8971011981394 21174.646742560071
      -5924.8878840647385 -4600.0918118121508)
     (-6940.0638049617619 -8155.4363664517914 -11664.727188530476
      -4393.0315058133056 -20749.156624006439 -5924.8878840647385
      35877.908490115915 21949.394883712575)
     (-25311.637787242966 -24862.358124160033 -39367.653949764732
      3773.8428485898412 -77814.689536077654 -4600.0918118121508
      21949.394883712575 146233.1934767552)))))
 ((bracket (((1 v 7) v (5 v 6)) v ((2 v 8) v (3 v 4))))
  ((samples 54100)
   (sums
    (18490.517695812086 16742.839829640925 23421.16665965561
     -3077.4802813462434 18303.567976585462 -297.03091295782491
     2231.8436478662779 -75815.424615256357))
   (prods
    ((20141.457936506209 1686.25375780517 4305.2926345483074
      -2840.0415589332511 3510.1974923818243 -318.489407598738
      79.121894751050661 -26563.792749460554)
     (1686.25375780517 26943.647849649333 3001.0085711677052
      -4508.6041675505485 613.27480776199843 -923.97247423377507
      -1602.1546518888404 -25209.453692711075)
     (4305.2926345483074 3001.0085711677052 40864.6840122112
      -8042.3259190824574 2023.3791680748827 -1880.4833401344135
      -1482.0373792998585 -38789.517747485414)
     (-2840.0415589332511 -4508.6041675505485 -8042.3259190824574
      27024.218119467008 -3512.6381679834908 -2793.1201184334968
      -7503.7810633470053 2176.2928758632379)
     (3510.1974923818243 613.27480776199843 2023.3791680748827
      -3512.6381679834908 44552.6002525943 -5095.9172875522881
      -4511.79269577633 -37579.103569500905)
     (-318.489407598738 -923.97247423377507 -1880.4833401344135
      -2793.1201184334968 -5095.9172875522881 21198.648953642187
      -5504.7825041938231 -4681.8838214956313)
     (79.121894751050661 -1602.1546518888404 -1482.0373792998585
      -7503.7810633470053 -4511.79269577633 -5504.7825041938231
      37813.841082392661 -17288.414682637871)
     (-26563.792749460554 -25209.453692711075 -38789.517747485414
      2176.2928758632379 -37579.103569500905 -4681.8838214956313
      -17288.414682637871 147935.87338742826)))))
 ((bracket (((1 v 6) v (5 v 8)) v ((2 v 7) v (3 v 4))))
  ((samples 54100)
   (sums
    (18607.505598834239 17826.387705133933 31191.484061464711
     -4410.7192808877862 4523.4194605874827 26646.826204904737
     -18726.980771209935 -75657.922978827381))
   (prods
    ((20411.964198706522 2276.5168039974378 6915.4669880615074
      -3209.2579545022431 -1474.246440718143 9317.7569558753257
      -7362.42570455185 -26875.774846868557)
     (2276.5168039974378 28588.924539824526 5625.7909904295184
      -5506.0632637246708 -3621.94773136421 8076.8406479305586
      -8535.0704095820656 -26904.991577511119)
     (6915.4669880615074 5625.7909904295184 54714.707558413269
      -8821.1496387089228 -2861.9504369867318 9998.3169657061953
      -14588.770110614558 -50982.412316300215)
     (-3209.2579545022431 -5506.0632637246708 -8821.1496387089228
      25042.604242554615 -3440.6938340241309 -3494.6959798052917
      -4278.8914512592955 3708.1478794699474)
     (-1474.246440718143 -3621.94773136421 -2861.9504369867318
      -3440.6938340241309 33604.19272288432 -982.22893762964452
      -7399.8844728347949 -13823.24086932669)
     (9317.7569558753257 8076.8406479305586 9998.3169657061953
      -3494.6959798052917 -982.22893762964452 47493.786873080993
      -15618.375580799893 -54791.400944358145)
     (-7362.42570455185 -8535.0704095820656 -14588.770110614558
      -4278.8914512592955 -7399.8844728347949 -15618.375580799893
      35682.271201692514 22101.146527949986)
     (-26875.774846868557 -26904.991577511119 -50982.412316300215
      3708.1478794699474 -13823.24086932669 -54791.400944358145
      22101.146527949986 147568.52614694508)))))
 ((bracket (((1 v 6) v (5 v 7)) v ((2 v 8) v (3 v 4))))
  ((samples 54100)
   (sums
    (18411.845808008988 17388.898888282285 27084.838522570892
     -3002.5785367891849 4317.5488801988131 9463.9894537949021
     1921.2879102314894 -75585.830926298135))
   (prods
    ((19936.509020947688 2180.1385180811353 5653.5782602658664
      -2838.8583482576496 -1665.0679634209255 3123.3277207437459
      -112.44690871419577 -26277.180299645646)
     (2180.1385180811353 27567.854534973038 4185.56471665781
      -4752.8759445916494 -3640.3507339496732 2060.9773398840284
      -1347.5275619992933 -26253.780869055368)
     (5653.5782602658664 4185.56471665781 46091.3407113923
      -7936.2923749530428 -3431.947847714107 1816.0588775861536
      -1929.7465994727672 -44448.555743762117)
     (-2838.8583482576496 -4752.8759445916494 -7936.2923749530428
      27148.108257532378 -3401.1333165916858 -2819.7629659763156
      -7251.20523394897 1852.0199267869384)
     (-1665.0679634209255 -3640.3507339496732 -3431.947847714107
      -3401.1333165916858 33443.655744152857 -3390.9970259898746
      -4345.24448014136 -13568.914376345239)
     (3123.3277207437459 2060.9773398840284 1816.0588775861536
      -2819.7629659763156 -3390.9970259898746 26367.7429175251
      -5453.3031740983088 -21704.043689674505)
     (-112.44690871419577 -1347.5275619992933 -1929.7465994727672
      -7251.20523394897 -4345.24448014136 -5453.3031740983088 36785.243863704
      -16345.76990532912)
     (-26277.180299645646 -26253.780869055368 -44448.555743762117
      1852.0199267869384 -13568.914376345239 -21704.043689674505
      -16345.76990532912 146746.22495702535)))))
 ((bracket (((1 v 5) v (6 v 8)) v ((2 v 7) v (3 v 4))))
  ((samples 54100)
   (sums
    (18701.302644847419 18810.625505015385 38969.366218631716
     -4813.6678987069363 -6558.5610161872546 29003.657501725411
     -18504.818412587978 -75607.904542737742))
   (prods
    ((20553.252098083536 2927.3725166939143 9525.2290156968065
      -3518.8476798196712 -5704.7566382027917 10180.430269489285
      -7156.2168968778678 -26806.462685063168)
     (2927.3725166939143 29807.24209942179 8265.7833063101662
      -5497.1536699905791 -7538.9353037653227 9652.36689040467
      -9030.6714099669662 -28586.004429107677)
     (9525.2290156968065 8265.7833063101662 67384.879377852893
      -9122.9303398583925 -10546.825333807896 17116.739227353992
      -18519.813247308182 -64103.0620062393)
     (-3518.8476798196712 -5497.1536699905791 -9122.9303398583925
      25068.645447413826 -3217.8860549056708 -3623.0564689651537
      -4333.7081035592146 4244.93686968482)
     (-5704.7566382027917 -7538.9353037653227 -10546.825333807896
      -3217.8860549056708 30858.977895489679 -6103.5798007080075
      -2219.2008537880893 4472.2060896881212)
     (10180.430269489285 9652.36689040467 17116.739227353992
      -3623.0564689651537 -6103.5798007080075 47623.196999095911
      -16369.724817110404 -58476.372299560251)
     (-7156.2168968778678 -9030.6714099669662 -18519.813247308182
      -4333.7081035592146 -2219.2008537880893 -16369.724817110404
      35682.0896425324 21947.245686078353)
     (-26806.462685063168 -28586.004429107677 -64103.0620062393
      4244.93686968482 4472.2060896881212 -58476.372299560251
      21947.245686078353 147307.51277451907)))))
 ((bracket (((1 v 5) v (6 v 7)) v ((2 v 8) v (3 v 4))))
  ((samples 54100)
   (sums
    (18559.364457765096 18213.833681496315 33079.876005844249
     -3234.1178384570944 -6418.3787772713149 13518.849611692349
     2003.137896132672 -75722.56503720225))
   (prods
    ((20289.13346924799 2604.4094605974442 7463.8849071132909
      -2892.6746587004432 -5553.4931597119148 4721.2724078919455
      1.4252860992490657 -26633.957712537562)
     (2604.4094605974442 28919.751171956035 6017.0706019127038
      -4855.69625686709 -7451.5312471397947 4068.6453955702405
      -1806.7093906127959 -27495.939735416738)
     (7463.8849071132909 6017.0706019127038 55118.804573708192
      -8245.3502548168271 -9802.6635989654 6416.8104273275021
      -2303.7363714370786 -54664.820284842404)
     (-2892.6746587004432 -4855.69625686709 -8245.3502548168271
      27246.9491600869 -3342.05262607933 -2933.2379563461827
      -7331.7817662281486 2353.8443589511176)
     (-5553.4931597119148 -7451.5312471397947 -9802.6635989654
      -3342.05262607933 30573.398565969685 -5168.8158766860743
      -3512.7420247899754 4257.8999674028009)
     (4721.2724078919455 4068.6453955702405 6416.8104273275021
      -2933.2379563461827 -5168.8158766860743 26909.889226448722
      -5545.828936353917 -28468.734687852273)
     (1.4252860992490657 -1806.7093906127959 -2303.7363714370786
      -7331.7817662281486 -3512.7420247899754 -5545.828936353917
      37231.715923508338 -16732.342720185654)
     (-26633.957712537562 -27495.939735416738 -54664.820284842404
      2353.8443589511176 4257.8999674028009 -28468.734687852273
      -16732.342720185654 147384.0508144807)))))
 ((bracket (((1 v 8) v (6 v 7)) v ((2 v 4) v (3 v 5))))
  ((samples 54100)
   (sums
    (18400.791054876812 17555.231914021526 34730.67478652612
     -6634.4956762896809 40003.288398241071 13317.218647939988
     -49369.415324514237 -68003.293800801679))
   (prods
    ((20102.135525799731 2068.6174120372257 7931.8459781880447
      -4206.532440510844 11050.204251104547 4508.0289837311257
      -17886.64038117434 -23567.659329175531)
     (2068.6174120372257 28805.593083745975 7265.9716205828145
      -6539.5129532877309 7508.0092084124626 3671.95814376372
      -19371.127730676017 -23409.508784578476)
     (7931.8459781880447 7265.9716205828145 58657.868206086045
      -9872.0426655894826 20742.799762897939 6971.4932061799072
      -41449.477966850638 -50248.458141494615)
     (-4206.532440510844 -6539.5129532877309 -9872.0426655894826
      22348.065328692144 -6036.2344208205168 -3707.2495883576789
      2583.2793772524283 5430.2273626217093)
     (11050.204251104547 7508.0092084124626 20742.799762897939
      -6036.2344208205168 78065.866975398472 8029.1039424541086
      -47156.642831807716 -72203.106887639282)
     (4508.0289837311257 3671.95814376372 6971.4932061799072
      -3707.2495883576789 8029.1039424541086 26660.117243772293
      -19604.885903405477 -26528.566028137993)
     (-17886.64038117434 -19371.127730676017 -41449.477966850638
      2583.2793772524283 -47156.642831807716 -19604.885903405477
      78087.506793189561 64797.988643472134)
     (-23567.659329175531 -23409.508784578476 -50248.458141494615
      5430.2273626217093 -72203.106887639282 -26528.566028137993
      64797.988643472134 125729.08316493215)))))
 ((bracket (((1 v 7) v (6 v 8)) v ((2 v 4) v (3 v 5))))
  ((samples 54100)
   (sums
    (18611.109012525216 18374.246799947054 39908.991954015743
     -6836.89442418674 18456.229104878144 28796.013567594786
     -49548.487559057707 -67761.208455716565))
   (prods
    ((20607.727715567846 2504.3243808317166 9832.4003581744546
      -4485.5984104205936 3434.9679557034233 10071.996648227647
      -18209.521015732706 -23756.297632351791)
     (2504.3243808317166 30238.439645160724 8826.3633178821128
      -6680.5630850223861 712.551783632169 9210.281715969988
      -20039.887380483309 -24771.510377971077)
     (9832.4003581744546 8826.3633178821128 68961.216027100512
      -10487.217125324691 10150.191874006015 17294.809898543062
      -46882.38422230829 -57695.380128073135)
     (-4485.5984104205936 -6680.5630850223861 -10487.217125324691
      22578.685752624715 -4760.7137763898136 -4829.0453748714135
      2868.7056598764548 5795.7463595277468)
     (3434.9679557034233 712.551783632169 10150.191874006015
      -4760.7137763898136 44585.003507935267 8419.5210280453884
      -27688.224872739389 -34853.297500193075)
     (10071.996648227647 9210.281715969988 17294.809898543062
      -4829.0453748714135 8419.5210280453884 47495.375690570843
      -33310.7317793429 -54352.207827142571)
     (-18209.521015732706 -20039.887380483309 -46882.38422230829
      2868.7056598764548 -27688.224872739389 -33310.7317793429
      78514.806460519758 64747.237150210378)
     (-23756.297632351791 -24771.510377971077 -57695.380128073135
      5795.7463595277468 -34853.297500193075 -54352.207827142571
      64747.237150210378 124885.7099559936)))))
 ((bracket (((1 v 6) v (7 v 8)) v ((2 v 4) v (3 v 5))))
  ((samples 54100)
   (sums
    (18694.725035711774 19048.759371204356 48615.403319012345
     -6708.7756513418444 4237.7637934615414 33319.927315058027
     -49302.347395053373 -67905.455788052685))
   (prods
    ((20634.754215785139 3084.3545430430058 13017.705892032205
      -4367.9093269537661 -1915.1090711754466 11684.67541477608
      -18159.887573314496 -23978.584094192778)
     (3084.3545430430058 31025.041554639924 11679.109485149154
      -6495.8378997126556 -4141.2712972737991 11618.433562584169
      -20761.356273618065 -26008.4736748117)
     (13017.705892032205 11679.109485149154 85739.078945282032
      -10785.784189110191 334.33637776906562 29918.768510022266
      -57731.448855808238 -72171.7661653362)
     (-4367.9093269537661 -6495.8378997126556 -10785.784189110191
      22363.169581474755 -3574.1483804800469 -5263.3642568781634
      2452.7009268176735 5671.17354484238)
     (-1915.1090711754466 -4141.2712972737991 334.33637776906562
      -3574.1483804800469 33450.467226044013 -319.50199355751016
      -11223.111416429112 -12611.661444897183)
     (11684.67541477608 11618.433562584169 29918.768510022266
      -5263.3642568781634 -319.50199355751016 51191.130859111123
      -37497.969625642036 -61332.172470415986)
     (-18159.887573314496 -20761.356273618065 -57731.448855808238
      2452.7009268176735 -11223.111416429112 -37497.969625642036
      77881.206241242777 65039.866576751454)
     (-23978.584094192778 -26008.4736748117 -72171.7661653362
      5671.17354484238 -12611.661444897183 -61332.172470415986
      65039.866576751454 125391.61772805995)))))
 ((bracket (((1 v 8) v (5 v 7)) v ((2 v 4) v (3 v 6))))
  ((samples 54100)
   (sums
    (18181.536443768709 17215.669167007167 27997.66400431874
     -4389.7237122660845 40112.23757164846 9517.9941390012
     -49281.890081961159 -59353.487531517036))
   (prods
    ((19688.578112907337 1980.7585486904377 5659.8299379457085
      -3473.7685175675456 11173.437276742641 3211.9935688562232
      -17943.292782579389 -20297.536144995436)
     (1980.7585486904377 27771.509357679763 4931.5487489499956
      -5629.6266056809709 7527.8898847923929 2169.9715624568535
      -18780.561854695134 -19971.489642193297)
     (5659.8299379457085 4931.5487489499956 48831.055489694139
      -8326.10706338007 14296.362590754503 2138.17074743681 -32989.9549987008
      -34540.905452700237)
     (-3473.7685175675456 -5629.6266056809709 -8326.10706338007
      23329.059429741163 -4471.0073247122209 -2892.6673768229571
      371.01195164851413 1093.1055067740756)
     (11173.437276742641 7527.8898847923929 14296.362590754503
      -4471.0073247122209 78431.863223156761 4999.0013629553087
      -47289.5676037026 -64667.979409986714)
     (3211.9935688562232 2169.9715624568535 2138.17074743681
      -2892.6673768229571 4999.0013629553087 26191.441461974027
      -15809.648680717697 -20008.262646138581)
     (-17943.292782579389 -18780.561854695134 -32989.9549987008
      371.01195164851413 -47289.5676037026 -15809.648680717697
      78047.478520628589 54394.53544811855)
     (-20297.536144995436 -19971.489642193297 -34540.905452700237
      1093.1055067740756 -64667.979409986714 -20008.262646138581
      54394.53544811855 103998.53234112164)))))
 ((bracket (((1 v 7) v (5 v 8)) v ((2 v 4) v (3 v 6))))
  ((samples 54100)
   (sums
    (18453.720746638057 17712.315613784838 31919.05302245749
     -4005.7800471585024 18421.342435335471 26268.658636800694
     -49622.181759348212 -59147.128648509868))
   (prods
    ((20150.340287757484 2261.8690697050988 7391.2531173080124
      -3142.5403755178904 3103.1608683235772 9058.500302616656
      -18099.337681733632 -20723.245588459326)
     (2261.8690697050988 28340.337953338472 6130.0190637544129
      -5397.4269433961135 1019.2544960440456 7866.7195857667793
      -19373.208758310626 -20847.56446690204)
     (7391.2531173080124 6130.0190637544129 55416.731655441268
      -8255.1645883567253 5961.2879554868105 10115.349594910325
      -37385.482548107742 -39373.994250436474)
     (-3142.5403755178904 -5397.4269433961135 -8255.1645883567253
      23270.864697086181 -3763.0144675273932 -3398.622077866034
      -167.69898487539015 853.60274045339668)
     (3103.1608683235772 1019.2544960440456 5961.2879554868105
      -3763.0144675273932 44592.860665759516 7203.8614134638983
      -27550.123997447947 -30567.286934102525)
     (9058.500302616656 7866.7195857667793 10115.349594910325
      -3398.622077866034 7203.8614134638983 47481.445073306277
      -30992.944307973827 -47334.309584224065)
     (-18099.337681733632 -19373.208758310626 -37385.482548107742
      -167.69898487539015 -27550.123997447947 -30992.944307973827
      78709.670383207354 54859.125895241916)
     (-20723.245588459326 -20847.56446690204 -39373.994250436474
      853.60274045339668 -30567.286934102525 -47334.309584224065
      54859.125895241916 103133.67218842919)))))
 ((bracket (((1 v 5) v (7 v 8)) v ((2 v 4) v (3 v 6))))
  ((samples 54100)
   (sums
    (18916.430157768977 19013.906376711773 48567.051763763593
     -4287.8053367756547 -6565.2782086248071 33075.866235488815
     -49470.800089242926 -59249.370899089736))
   (prods
    ((21125.739427396889 3099.994561840504 13006.215925477212
      -3430.2649577128868 -5876.2245351761185 11767.145320087628
      -18545.954618905085 -21146.651123008131)
     (3099.994561840504 30601.158971633013 11234.873044520167
      -5566.4318338520543 -7704.8633051769511 11426.105190725364
      -20741.450128727203 -22349.386500962879)
     (13006.215925477212 11234.873044520167 85799.759063795864
      -8446.294318831131 -10913.671562724676 29230.523830642946
      -57639.284986667953 -62272.120996212339)
     (-3430.2649577128868 -5566.4318338520543 -8446.294318831131
      23396.852747814479 -3479.4023702325185 -3726.170011865026
      53.65226487154365 1198.0584798076052)
     (-5876.2245351761185 -7704.8633051769511 -10913.671562724676
      -3479.4023702325185 30758.10890842825 -6693.5019500492008
      1366.5337221772947 2543.0210927539183)
     (11767.145320087628 11426.105190725364 29230.523830642946
      -3726.170011865026 -6693.5019500492008 50595.321577190029
      -37192.245645558462 -55407.178311173237)
     (-18545.954618905085 -20741.450128727203 -57639.284986667953
      53.65226487154365 1366.5337221772947 -37192.245645558462
      78314.327058052484 54384.422334757321)
     (-21146.651123008131 -22349.386500962879 -62272.120996212339
      1198.0584798076052 2543.0210927539183 -55407.178311173237
      54384.422334757321 103049.83502403781)))))
 ((bracket (((1 v 8) v (5 v 6)) v ((2 v 4) v (3 v 7))))
  ((samples 54100)
   (sums
    (18183.49625092858 17099.632826431472 23860.244755381431
     -1964.1940071072504 40216.375360813727 -283.65493636591805
     -49583.689282598694 -47528.210967483268))
   (prods
    ((19701.452544690936 1947.1585580281319 4432.1946576797673
      -2418.1935546038553 10988.761944699259 -360.68459012737321
      -18065.139006307247 -16225.550554059628)
     (1947.1585580281319 27061.938902129383 3504.0793495398225
      -4739.3355896941312 8057.09991814148 -1193.6343830887479
      -18501.379640965177 -16135.927114090768)
     (4432.1946576797673 3504.0793495398225 42449.353104869537
      -7177.83452088472 10748.233402988675 -1913.9510253159319
      -28788.010254359007 -23254.064714518128)
     (-2418.1935546038553 -4739.3355896941312 -7177.83452088472
      25443.449299622942 -2544.2722913629291 -3087.0888672928181
      -2238.6258624138991 -3238.0986133706051)
     (10988.761944699259 8057.09991814148 10748.233402988675
      -2544.2722913629291 78402.651885255182 -4468.4816286235809
      -47805.070966006788 -53378.9222650913)
     (-360.68459012737321 -1193.6343830887479 -1913.9510253159319
      -3087.0888672928181 -4468.4816286235809 21284.994989358907
      -4243.8433473092346 -6017.3111476012273)
     (-18065.139006307247 -18501.379640965177 -28788.010254359007
      -2238.6258624138991 -47805.070966006788 -4243.8433473092346
      78144.1793935341 41497.889683827212)
     (-16225.550554059628 -16135.927114090768 -23254.064714518128
      -3238.0986133706051 -53378.9222650913 -6017.3111476012273
      41497.889683827212 76751.984724904454)))))
 ((bracket (((1 v 7) v (5 v 6)) v ((2 v 4) v (3 v 8))))
  ((samples 54100)
   (sums
    (18656.274542561587 17468.028774451137 23434.23211720552
     -21.052975563573685 18396.609284589231 -154.83091914928877
     -49741.345417227887 -28037.915406866734))
   (prods
    ((20358.76229928021 2065.1940795398878 4512.1231615305678
      -1995.5369997047189 3500.0449299827446 -104.39866728537768
      -18439.54875783942 -9896.6400455038765)
     (2065.1940795398878 27953.832037641288 3394.6155839018747
      -4189.0460544528651 1130.7075868608679 -1091.0595466256912
      -19097.341903394135 -10166.901783471183)
     (4512.1231615305678 3394.6155839018747 40868.990214700723
      -6287.6607359184163 1962.4952660051642 -1798.9843992965903
      -28731.7485363332 -13919.830554590148)
     (-1995.5369997047189 -4189.0460544528651 -6287.6607359184163
      28524.483697358493 -2386.884597413371 -3168.758019340597
      -3644.4789101348879 -6852.1183803936692)
     (3500.0449299827446 1130.7075868608679 1962.4952660051642
      -2386.884597413371 44584.156586755285 -5284.0297870666327
      -27430.16560839062 -16076.324376733439)
     (-104.39866728537768 -1091.0595466256912 -1798.9843992965903
      -3168.758019340597 -5284.0297870666327 21320.152188434928
      -4673.8505524762513 -5199.0712163437947)
     (-18439.54875783942 -19097.341903394135 -28731.7485363332
      -3644.4789101348879 -27430.16560839062 -4673.8505524762513
      78854.667084686356 23162.467183882171)
     (-9896.6400455038765 -10166.901783471183 -13919.830554590148
      -6852.1183803936692 -16076.324376733439 -5199.0712163437947
      23162.467183882171 38948.41917315391)))))
 ((bracket (((1 v 6) v (5 v 8)) v ((2 v 4) v (3 v 7))))
  ((samples 54100)
   (sums
    (18892.015338985737 17947.262521047338 31569.287023105197
     -2155.683923258684 4254.7947879899639 26194.549031518087
     -49545.858394568626 -47156.366384819084))
   (prods
    ((20848.350875287746 2601.8730038555354 7237.7648647518226
      -2694.075072211624 -1668.6538025230125 9246.0636428734033
      -18568.037284062029 -17003.286227971865)
     (2601.8730038555354 28518.502450981898 6023.6649925294842
      -4724.1881512386135 -3725.8564902126604 7868.9969082528924
      -19482.144566612846 -17080.848147555669)
     (7237.7648647518226 6023.6649925294842 54592.917822266347
      -6931.3000974099632 -2925.574578145739 9803.8342346356
      -37040.137202921462 -30761.170035706058)
     (-2694.075072211624 -4724.1881512386135 -6931.3000974099632
      25253.553704175916 -3445.2037079737393 -2480.5112248250971
      -2163.9988171915861 -2814.2766333252725)
     (-1668.6538025230125 -3725.8564902126604 -2925.574578145739
      -3445.2037079737393 33452.921991707095 -1070.6999052658202
      -11519.820033050919 -9097.11347453519)
     (9246.0636428734033 7868.9969082528924 9803.8342346356
      -2480.5112248250971 -1070.6999052658202 47455.740083628691
      -30900.177390285251 -39923.246349014422)
     (-18568.037284062029 -19482.144566612846 -37040.137202921462
      -2163.9988171915861 -11519.820033050919 -30900.177390285251
      78793.027148916677 40881.288145207371)
     (-17003.286227971865 -17080.848147555669 -30761.170035706058
      -2814.2766333252725 -9097.11347453519 -39923.246349014422
      40881.288145207371 75798.652722901083)))))
 ((bracket (((1 v 6) v (5 v 7)) v ((2 v 4) v (3 v 8))))
  ((samples 54100)
   (sums
    (18692.802056256136 17616.367898110555 27007.92069194228
     199.93394751114846 4581.70605234016 9321.7662447088678
     -49444.592977966109 -27975.903912903083))
   (prods
    ((20195.08894515397 2392.9404701728927 5647.0894701672541
      -1700.4839971250356 -1582.0371479145681 3213.7437289480008
      -18210.231569489966 -9956.10989991253)
     (2392.9404701728927 27960.707189873185 4520.4448612726474
      -4160.219179081143 -3536.0065030016349 2082.8247259826389
      -19204.035728550316 -10056.655836668266)
     (5647.0894701672541 4520.4448612726474 46167.76566363281
      -5929.9712662859929 -3241.2173579766741 1559.6390884102657
      -32571.403314782685 -16152.347144437639)
     (-1700.4839971250356 -4160.219179081143 -5929.9712662859929
      28652.521928928934 -3574.8869871913721 -2289.1963830931936
      -4051.1632916777148 -6946.6008244744535)
     (-1582.0371479145681 -3536.0065030016349 -3241.2173579766741
      -3574.8869871913721 33369.183449035845 -3248.0761023097543
      -11685.493275600222 -6501.4660750416324)
     (3213.7437289480008 2082.8247259826389 1559.6390884102657
      -2289.1963830931936 -3248.0761023097543 26014.756620144992
      -15415.372148229511 -11918.319529853425)
     (-18210.231569489966 -19204.035728550316 -32571.403314782685
      -4051.1632916777148 -11685.493275600222 -15415.372148229511
      78318.341747756625 22819.357580573778)
     (-9956.10989991253 -10056.655836668266 -16152.347144437639
      -6946.6008244744535 -6501.4660750416324 -11918.319529853425
      22819.357580573778 38712.141729814204)))))
 ((bracket (((1 v 5) v (6 v 8)) v ((2 v 4) v (3 v 7))))
  ((samples 54100)
   (sums
    (19068.242274199507 18419.066073893126 38712.364719048186
     -1707.5395433079329 -6845.7607600924748 28916.886370751879
     -49186.034803565737 -47377.22433092654))
   (prods
    ((21041.685261050261 2996.2458409077112 9665.2814611874783
      -2461.6228104151778 -5830.0117196647589 10656.477253882105
      -18693.230395767223 -17374.824891180335)
     (2996.2458409077112 29225.182941930474 7912.5641415583232
      -4582.474658177588 -7498.5032988891062 9394.0828683630461
      -19961.939924118135 -17485.157911574734)
     (9665.2814611874783 7912.5641415583232 66440.5397680587
      -6384.8295533594337 -10597.687190933737 17100.282785944513
      -45593.07429700697 -38543.0771154489)
     (-2461.6228104151778 -4582.474658177588 -6384.8295533594337
      25231.571380414221 -3891.1255158708022 -2402.3460107104288
      -2305.77050028551 -3203.4023315952895)
     (-5830.0117196647589 -7498.5032988891062 -10597.687190933737
      -3891.1255158708022 30667.59128792987 -6443.7229125872882
      1490.3918296233574 2103.0675203924548)
     (10656.477253882105 9394.0828683630461 17100.282785944513
      -2402.3460107104288 -6443.7229125872882 47075.134751367616
      -32920.472767457453 -42459.435968802049)
     (-18693.230395767223 -19961.939924118135 -45593.07429700697
      -2305.77050028551 1490.3918296233574 -32920.472767457453
      77409.699127052416 40574.396927959635)
     (-17374.824891180335 -17485.157911574734 -38543.0771154489
      -3203.4023315952895 2103.0675203924548 -42459.435968802049
      40574.396927959635 76388.4337702492)))))
 ((bracket (((1 v 5) v (6 v 7)) v ((2 v 4) v (3 v 8))))
  ((samples 54100)
   (sums
    (19001.639252154317 18365.995710963944 33458.973546856017
     122.90743235444961 -6498.9172171367663 13556.193434094663
     -49975.532759088746 -28031.259400197836))
   (prods
    ((20997.404661045504 2751.7980465196497 7871.9649109671254
      -1832.829357565925 -5649.5780840125763 4900.1430232468965
      -18837.600681726315 -10201.302518474355)
     (2751.7980465196497 29658.905105613103 6398.3797224131777
      -3962.2380170817432 -7605.90569151252 3917.4139500807969
      -20298.28793547663 -10860.065180555874)
     (7871.9649109671254 6398.3797224131777 55231.275480756922
      -5616.2204176039377 -10153.257462007605 6541.3403165691561
      -40513.601345183713 -19759.88120591109)
     (-1832.829357565925 -3962.2380170817432 -5616.2204176039377
      28203.557845658692 -3992.7109586324204 -2054.261062969038
      -3922.1628548453727 -6823.1351769602743)
     (-5649.5780840125763 -7605.90569151252 -10153.257462007605
      -3992.7109586324204 31029.440351910052 -5083.0289503511658
      1255.2127045038026 199.82809010245037)
     (4900.1430232468965 3917.4139500807969 6541.3403165691561
      -2054.261062969038 -5083.0289503511658 26989.590449145
      -20164.104178041303 -15047.093547680341)
     (-18837.600681726315 -20298.28793547663 -40513.601345183713
      -3922.1628548453727 1255.2127045038026 -20164.104178041303
      79047.877791419829 23432.666499349696)
     (-10201.302518474355 -10860.065180555874 -19759.88120591109
      -6823.1351769602743 199.82809010245037 -15047.093547680341
      23432.666499349696 39058.983040129817)))))
 ((bracket (((1 v 8) v (6 v 7)) v ((2 v 3) v (4 v 5))))
  ((samples 54100)
   (sums
    (18258.544586150841 18061.75807087441 34763.2365933062
