(((pools
   ((number_of_pools 8) (teams_per_pool 1) (cycles_per_pool 1)
    (multibracket ((8 0 0 0) (4 0 3 0 0) (2 1 3 0 0)))))
  ((samples 154170)
   (sums
    (60618.0676867063 21353.152438833746 5245.6933672173082 12214.9103327091
     686.67823176720549 -24671.049688417785 -32719.450414051051
     -42728.001954764921))
   (prods
    ((62197.86028592287 -9230.02137950778 -7747.5837603663595
      723.94178652056735 -2290.6285258990847 -11945.854800681083
      -14229.951713998151 -17477.761891990991)
     (-9230.02137950778 45145.399833387979 -8529.9011341690129
      -3418.683452152497 -3455.9396874023996 -6591.66399137198
      -6772.7165289762343 -7146.47365980807)
     (-7747.5837603663595 -8529.9011341690129 35914.841821087619
      -3485.1605541190329 -3929.5366189634697 -4942.0091571193016
      -3888.3246311748762 -3392.3259651755611)
     (723.94178652056735 -3418.683452152497 -3485.1605541190329
      29792.610849163724 -3820.96127489699 -6818.9167951699374
      -6478.2204867548662 -6494.61007259096)
     (-2290.6285258990847 -3455.9396874023996 -3929.5366189634697
      -3820.96127489699 25921.410852459408 -4526.4149704206766
      -4257.0699920426532 -3640.8597828341394)
     (-11945.854800681083 -6591.66399137198 -4942.0091571193016
      -6818.9167951699374 -4526.4149704206766 29515.880957611364
      1832.4125773048074 3476.5661798468122)
     (-14229.951713998151 -6772.7165289762343 -3888.3246311748762
      -6478.2204867548662 -4257.0699920426532 1832.4125773048074
      27411.390463310756 6382.4803123312322)
     (-17477.761891990991 -7146.47365980807 -3392.3259651755611
      -6494.61007259096 -3640.8597828341394 3476.5661798468122
      6382.4803123312322 28292.984880221687)))))
 ((pools
   ((number_of_pools 8) (teams_per_pool 1) (cycles_per_pool 1)
    (multibracket ((8 0 0 0) (4 0 3 0 0) (4 0 0)))))
  ((samples 23562)
   (sums
    (9161.9094934211716 3250.9306764537118 1368.9428784314084
     2373.9218667750356 705.53832768307 -3204.9926445229034
     -5147.2507230727133 -8508.9998751687763))
   (prods
    ((9347.67395753297 -1430.3626487406223 -863.01801952408186
      310.35246745040632 -85.249783719621973 -1512.8038347340666
      -2279.1250071299878 -3487.4671311349994)
     (-1430.3626487406223 6873.9850503371044 -1228.2299861328834
      -313.65250234254762 -352.81684875364368 -846.32503172467921
      -1117.1495984694545 -1585.4484341732752)
     (-863.01801952408186 -1228.2299861328834 5660.9979069030423
      -322.88792048295483 -603.6309504166403 -812.06274775725365
      -788.549630088542 -1042.6186525006872)
     (310.35246745040632 -313.65250234254762 -322.88792048295483
      4493.0899011330339 -479.76288195474865 -1038.7163593022744
      -1147.9983111548008 -1500.4243933461146)
     (-85.249783719621973 -352.81684875364368 -603.6309504166403
      -479.76288195474865 3921.4484739040236 -682.68288905275938
      -801.81925985682221 -915.485860149789)
     (-1512.8038347340666 -846.32503172467921 -812.06274775725365
      -1038.7163593022744 -682.68288905275938 4171.68054380603
      177.294113877641 543.61620488735946)
     (-2279.1250071299878 -1117.1495984694545 -788.549630088542
      -1147.9983111548008 -801.81925985682221 177.294113877641
      4686.8574223970545 1270.49027042491)
     (-3487.4671311349994 -1585.4484341732752 -1042.6186525006872
      -1500.4243933461146 -915.485860149789 543.61620488735946
      1270.49027042491 6717.3379959925951)))))
 ((pools
   ((number_of_pools 8) (teams_per_pool 1) (cycles_per_pool 1)
    (multibracket ((8 0 0 0) (4 0 3 0 0) (2 1 0)))))
  ((samples 15772)
   (sums
    (6246.95279484919 2129.1087737112121 955.60153327674027
     1784.3654590514866 571.6287376559635 -2575.828205347892
     -3403.4189415131996 -5708.410151683498))
   (prods
    ((6375.5405437969221 -942.37735358255532 -591.70266010743933
      343.57257000951137 26.663939648338356 -1319.9770383131715
      -1454.725970894875 -2436.9940305567325)
     (-942.37735358255532 4580.4180590430742 -739.33011269012638
      -197.2945344646372 -230.10471772029794 -730.85950712369629
      -722.9880288514471 -1017.4638046103147)
     (-591.70266010743933 -739.33011269012638 3747.7615938013141
      -166.62258807322743 -296.45334260405707 -680.02070354015314
      -562.35149740541488 -711.28068938089871)
     (343.57257000951137 -197.2945344646372 -166.62258807322743
      3044.7385462715188 -299.74009203987083 -824.78924560249243
      -847.2645425510683 -1052.6001135497324)
     (26.663939648338356 -230.10471772029794 -296.45334260405707
      -299.74009203987083 2568.870871477347 -536.74322855608648
      -565.0667826820785 -667.42664752329449)
     (-1319.9770383131715 -730.85950712369629 -680.02070354015314
      -824.78924560249243 -536.74322855608648 3305.6864350072224
      230.16833573127016 556.53495239710685)
     (-1454.725970894875 -722.9880288514471 -562.35149740541488
      -847.2645425510683 -565.0667826820785 230.16833573127016
      3062.1639514781577 860.06453517545492)
     (-2436.9940305567325 -1017.4638046103147 -711.28068938089871
      -1052.6001135497324 -667.42664752329449 556.53495239710685
      860.06453517545492 4469.1657980484088)))))
 ((pools
   ((number_of_pools 8) (teams_per_pool 1) (cycles_per_pool 1)
    (multibracket ((8 0 0 0) (4 0 3 0 0) (1)))))
  ((samples 273)
   (sums
    (98.964354004711339 38.201591265519774 54.26859850429507
     29.041245169270184 -27.175720200686548 -41.047408156232038
     -54.434133801640442 -97.818526785237268))
   (prods
    ((103.62015830079733 -21.599161309983167 6.0145684162444155
      4.3768157340273577 -8.6156513591959243 -18.909495321070644
      -27.412714215899214 -37.474520244920143)
     (-21.599161309983167 78.881327658877282 -3.3868090866186353
      -4.0252039063846938 -14.51100054879373 -13.185191234332985
      -2.20103828659421 -19.972923286169884)
     (6.0145684162444155 -3.3868090866186353 80.37638019206878
      -5.7481336754796821 -19.458102896498161 -18.740537071770483
      -20.244436419340033 -18.812929458606217)
     (4.3768157340273577 -4.0252039063846938 -5.7481336754796821
      50.049913544491965 -10.201066295824628 -7.3405351619133832
      -9.9890765671098336 -17.1227136718071)
     (-8.6156513591959243 -14.51100054879373 -19.458102896498161
      -10.201066295824628 62.512823684470462 -3.7113032398018131
      -4.3553462132112362 -1.6603531311449662)
     (-18.909495321070644 -13.185191234332985 -18.740537071770483
      -7.3405351619133832 -3.7113032398018131 48.441629585745204
      4.81564160813838 8.6297908350057)
     (-27.412714215899214 -2.20103828659421 -20.244436419340033
      -9.9890765671098336 -4.3553462132112362 4.81564160813838
      47.735956523451193 11.651013570564988)
     (-37.474520244920143 -19.972923286169884 -18.812929458606217
      -17.1227136718071 -1.6603531311449662 8.6297908350057
      11.651013570564988 74.762635387077609)))))
 ((pools
   ((number_of_pools 8) (teams_per_pool 1) (cycles_per_pool 1)
    (multibracket ((8 0 0 0) (4 2 0 1 0) (2 3 0 1 0)))))
  ((samples 163320)
   (sums
    (64343.828830241633 21968.012690097039 4705.4277101366051
     11544.220085401896 -3325.5929023107028 -14623.529709234957
     -39401.865570862123 -45210.501133469392))
   (prods
    ((66102.696950503523 -9681.4313519539919 -8710.9193200907048
      -1.6509807650505079 -4513.3786388247254 -7630.5510590222575
      -17041.557621215787 -18523.207978631024)
     (-9681.4313519539919 46821.555481330033 -8985.0646258805118
      -3564.8660544426762 -4608.3202510652563 -4709.09313634103
      -7856.0964964113437 -7416.6835652352283)
     (-8710.9193200907048 -8985.0646258805118 37925.317774055264
      -4033.4470727861963 -4282.6693965113027 -3934.5461685479154
      -4574.3977675792785 -3404.27342265936)
     (-1.6509807650505079 -3564.8660544426762 -4033.4470727861963
      30888.416310707406 -4476.5460394326165 -5358.1337204458141
      -7249.9777852680108 -6203.7946575670512)
     (-4513.3786388247254 -4608.3202510652563 -4282.6693965113027
      -4476.5460394326165 27284.459681807257 -3271.5472506389492
      -3529.5631330293172 -2602.4349723050873)
     (-7630.5510590222575 -4709.09313634103 -3934.5461685479154
      -5358.1337204458141 -3271.5472506389492 25050.7728390045
      -553.2950840766398 406.39358006811909)
     (-17041.557621215787 -7856.0964964113437 -4574.3977675792785
      -7249.9777852680108 -3529.5631330293172 -553.2950840766398
      32999.591590935241 7805.296296645136)
     (-18523.207978631024 -7416.6835652352283 -3404.27342265936
      -6203.7946575670512 -2602.4349723050873 406.39358006811909
      7805.296296645136 29938.7047196845)))))
 ((pools
   ((number_of_pools 8) (teams_per_pool 1) (cycles_per_pool 1)
    (multibracket ((8 0 0 0) (4 2 0 1 0) (4 0 1 1 0)))))
  ((samples 159153)
   (sums
    (62393.626480906038 21374.576065473262 4646.4062501999269
     11416.95848027083 -4135.0492256281614 -16415.033891502953
     -28123.546509478288 -51157.937650240652))
   (prods
    ((63983.394700226629 -9521.3275955694662 -8485.0186923401743
      165.25033009671657 -4761.227226233359 -8279.17619206954
      -12023.994115388201 -21077.901208722615)
     (-9521.3275955694662 45747.491951655793 -8767.8934772016655
      -3568.7444023327794 -4670.1418516343856 -5204.8145699955712
      -5477.6654953391908 -8536.904559582732)
     (-8485.0186923401743 -8767.8934772016655 36846.739121114057
      -3615.1978229452088 -4317.0318993401943 -4003.0116989832331
      -3562.8411665131239 -4095.7443637904576)
     (165.25033009671657 -3568.7444023327794 -3615.1978229452088
      30084.070615675642 -4576.5953433058394 -5565.4073012842991
      -5700.1702218032024 -7223.20585410102)
     (-4761.227226233359 -4670.1418516343856 -4317.0318993401943
      -4576.5953433058394 26936.528509504646 -3054.3053308642234
      -2971.0721967317763 -2586.1546613948603)
     (-8279.17619206954 -5204.8145699955712 -4003.0116989832331
      -5565.4073012842991 -3054.3053308642234 25167.072501053266
      -484.79193201045683 1424.4345241540589)
     (-12023.994115388201 -5477.6654953391908 -3562.8411665131239
      -5700.1702218032024 -2971.0721967317763 -484.79193201045683
      24748.88206521489 5471.6530625710466)
     (-21077.901208722615 -8536.904559582732 -4095.7443637904576
      -7223.20585410102 -2586.1546613948603 1424.4345241540589
      5471.6530625710466 36623.823060866591)))))
 ((pools
   ((number_of_pools 8) (teams_per_pool 1) (cycles_per_pool 1)
    (multibracket ((8 0 0 0) (4 2 0 1 0) (2 1 1 0)))))
  ((samples 81661)
   (sums
    (32232.14929314144 10828.954292144097 3628.0288467535825
     7026.9681432327152 -581.61353109789593 -5551.4465162379793
     -17880.028740253671 -29703.011787682302))
   (prods
    ((33030.526598388358 -4995.4567410957461 -3557.6165893125935
      571.98653497671842 -1675.4740090109615 -2998.2802515417657
      -7849.13153220669 -12526.554010197337)
     (-4995.4567410957461 23564.738390204879 -3983.0953588143097
      -1482.0550106084704 -2014.9115750590734 -1955.733477840495
      -3903.4256505452913 -5230.0605762414871)
     (-3557.6165893125935 -3983.0953588143097 18674.396054605524
      -1594.5177897884046 -1918.9400376586684 -1766.0638470291715
      -2679.2404118531495 -3174.922020149233)
     (571.98653497671842 -1482.0550106084704 -1594.5177897884046
      15478.795916987025 -2022.2047342162646 -2491.0747464800106
      -3779.5497177577768 -4681.3804531128144)
     (-1675.4740090109615 -2014.9115750590734 -1918.9400376586684
      -2022.2047342162646 13404.448632889749 -1645.6140236977283
      -2045.4741892178761 -2081.830064029175)
     (-2998.2802515417657 -1955.733477840495 -1766.0638470291715
      -2491.0747464800106 -1645.6140236977283 11720.295297717828
      -669.44596330576326 -194.0829878228966)
     (-7849.13153220669 -3903.4256505452913 -2679.2404118531495
      -3779.5497177577768 -2045.4741892178761 -669.44596330576326
      16464.453886802559 4461.813578083983)
     (-12526.554010197337 -5230.0605762414871 -3174.922020149233
      -4681.3804531128144 -2081.830064029175 -194.0829878228966
      4461.813578083983 23427.016533468959)))))
 ((pools
   ((number_of_pools 8) (teams_per_pool 1) (cycles_per_pool 1)
    (multibracket ((8 0 0 0) (4 2 0 1 0) (2 0)))))
  ((samples 6134)
   (sums
    (2453.8169367091909 769.89770500692293 610.979713461012
     810.77943400111917 -41.375484997247405 -1098.2283313450303
     -1311.8477608006367 -2194.0222120353319))
   (prods
    ((2546.3258234780897 -441.03413882841977 -101.61915921901154
      174.06821796886507 -119.8089367144168 -558.72425131269245
      -561.8554557919465 -937.35209958046812)
     (-441.03413882841977 1857.3526972274531 -246.50152848828384
      -42.975531812769077 -200.23931009302467 -286.98408398165407
      -256.73269269749522 -382.88541132580667)
     (-101.61915921901154 -246.50152848828384 1551.4486301170102
      -36.774260797857359 -221.8962827016413 -293.96287033931662
      -288.229846044378 -362.46468252652113)
     (174.06821796886507 -42.975531812769077 -36.774260797857359
      1215.3118444310837 -155.52687832452432 -373.5796499350925
      -337.46548886609241 -443.05825266361336)
     (-119.8089367144168 -200.23931009302467 -221.8962827016413
      -155.52687832452432 1233.4610665926716 -193.04692449294004
      -173.47208723713919 -169.47064702898496)
     (-558.72425131269245 -286.98408398165407 -293.96287033931662
      -373.5796499350925 -193.04692449294004 1351.7987190987433
      112.11758673575372 242.38147422719859)
     (-561.8554557919465 -256.73269269749522 -288.229846044378
      -337.46548886609241 -173.47208723713919 112.11758673575372
      1157.9675954000083 347.67038850128927)
     (-937.35209958046812 -382.88541132580667 -362.46468252652113
      -443.05825266361336 -169.47064702898496 242.38147422719859
      347.67038850128927 1705.179230396906)))))
 ((pools
   ((number_of_pools 8) (teams_per_pool 1) (cycles_per_pool 1)
    (multibracket ((8 0 0 0) (4 2 0 1 0) (1)))))
  ((samples 273)
   (sums
    (109.58327694202207 25.750646679358848 38.195762965967177
     20.647843238943906 -2.0512284985505636 -41.126496584729828
     -57.87312780508622 -93.126676937925339))
   (prods
    ((112.60561493761575 -23.004962855830165 4.4749204510820748
      -4.8915024728393428 -5.3050636530035389 -19.444910846130337
      -22.732735018178996 -41.701360542715463)
     (-23.004962855830165 77.952245183504346 -11.063560009025529
      -3.9960773095581121 -6.2932983783420857 -7.8463702468102481
      -18.407335696932265 -7.34064068700598)
     (4.4749204510820748 -11.063560009025529 72.531789625035557
      -3.5503204554561791 -7.3293863316384193 -20.207672404600178
      -12.217911274701923 -22.637859600695393)
     (-4.8915024728393428 -3.9960773095581121 -3.5503204554561791
      52.7748279198067 -11.7836430223275 -10.056558850313694
      -5.7780181348885753 -12.718707674423293)
     (-5.3050636530035389 -6.2932983783420857 -7.3293863316384193
      -11.7836430223275 49.355193670897421 -10.036193712597226
      -1.6502241284278534 -6.9573844445607911)
     (-19.444910846130337 -7.8463702468102481 -20.207672404600178
      -10.056558850313694 -10.036193712597226 56.946780641970264
      0.234151320908345 10.410774097573066)
     (-22.732735018178996 -18.407335696932265 -12.217911274701923
      -5.7780181348885753 -1.6502241284278534 0.234151320908345
      48.24775210918822 12.30432082303304)
     (-41.701360542715463 -7.34064068700598 -22.637859600695393
      -12.718707674423293 -6.9573844445607911 10.410774097573066
      12.30432082303304 68.64085802879481)))))
 ((pools
   ((number_of_pools 8) (teams_per_pool 1) (cycles_per_pool 1)
    (multibracket ((8 0 0 0) (2 1 0) (4 0 1 1 0)))))
  ((samples 7406)
   (sums
    (2912.42806817243 1587.6757352796069 154.610231968275 813.71044053244862
     6.0625805020262789 -1208.5595218418764 -1548.8527990839157
     -2717.0747355289959))
   (prods
    ((2977.0807170327494 -33.16792188510496 -518.74589664752341
      115.74222542536751 -117.7360446696548 -628.14669014347953
      -677.21255775661132 -1117.813831355744)
     (-33.16792188510496 2372.141606853289 -446.8279071835687
      -21.747208911801611 -175.16440793497429 -494.48952439331038
      -463.21206329310405 -737.53257325142545)
     (-518.74589664752341 -446.8279071835687 2020.0940569591062
      -154.95047186893453 -260.13403379030808 -247.45347422148654
      -185.00424188668453 -206.97803136060065)
     (115.74222542536751 -21.747208911801611 -154.95047186893453
      1523.8844490919248 -216.07385446793324 -354.67629213568352
      -356.9344427081719 -535.24440442476794)
     (-117.7360446696548 -175.16440793497429 -260.13403379030808
      -216.07385446793324 1345.9724590569624 -175.76978306092929
      -206.92574910330393 -194.16858602985803)
     (-628.14669014347953 -494.48952439331038 -247.45347422148654
      -354.67629213568352 -175.76978306092929 1535.3577977530213
      110.98157377558121 254.19639242628722)
     (-677.21255775661132 -463.21206329310405 -185.00424188668453
      -356.9344427081719 -206.92574910330393 110.98157377558121
      1411.6203474996491 366.68713347264492)
     (-1117.813831355744 -737.53257325142545 -206.97803136060065
      -535.24440442476794 -194.16858602985803 254.19639242628722
      366.68713347264492 2170.8539005234643)))))
 ((pools
   ((number_of_pools 8) (teams_per_pool 1) (cycles_per_pool 1)
    (multibracket ((8 0 0 0) (2 1 0) (2 0)))))
  ((samples 760)
   (sums
    (308.13302213598513 162.98764414480988 150.55418248868489
     180.60949031151844 -26.494185693154822 -147.01505889956522
     -258.7349853549149 -370.04010913336344))
   (prods
    ((311.07241871613957 -1.937202338719664 30.674598986802433
      53.395693527448316 -24.7762384251224 -76.305723491298636
      -114.2115609667518 -177.91198600849776)
     (-1.937202338719664 258.76074823688293 2.9506105072084732
      25.401036261573921 -34.219228033883965 -57.7018502744577
      -82.108456349489614 -111.14565800911436)
     (30.674598986802433 2.9506105072084732 206.68469137988862
      18.297879992028715 -21.531675846203356 -57.700379204751158
      -72.570511213131851 -106.80521460184193)
     (53.395693527448316 25.401036261573921 18.297879992028715
      188.51523133052245 -26.496209095240836 -62.765531707120637
      -86.192645040021546 -110.15545526919041)
     (-24.7762384251224 -34.219228033883965 -21.531675846203356
      -26.496209095240836 164.6654950342587 -22.23892287083715
      -28.270727746626655 -7.1324930163443332)
     (-76.305723491298636 -57.7018502744577 -57.700379204751158
      -62.765531707120637 -22.23892287083715 202.890820633698
      22.572753325831329 51.248833588935952)
     (-114.2115609667518 -82.108456349489614 -72.570511213131851
      -86.192645040021546 -28.270727746626655 22.572753325831329
      258.99481018051949 101.78633780967064)
     (-177.91198600849776 -111.14565800911436 -106.80521460184193
      -110.15545526919041 -7.1324930163443332 51.248833588935952
      101.78633780967064 360.11563550638243)))))
 ((pools
   ((number_of_pools 8) (teams_per_pool 1) (cycles_per_pool 1)
    (multibracket ((8 0 0 0) (2 1 0) (1)))))
  ((samples 273)
   (sums
    (103.38547941379758 64.425016058354984 77.923897467314475
     34.638297437247623 1.1375889954284077 -55.852059530468352
     -92.830389916858351 -132.82782992481634))
   (prods
    ((103.9136038493218 5.2426645822885165 23.735235269769753
      8.76317911872556 0.75538372776053953 -29.37461397994862
      -51.379477486529638 -61.655975081387908)
     (5.2426645822885165 80.388336545812734 10.297203577361808
      3.8383671646880941 -9.9188212319443458 -20.0797316321788
      -29.955934785442118 -39.812084220585923)
     (23.735235269769753 10.297203577361808 84.390136128980174
      4.6400691524327966 -11.302859950513929 -27.628061557346342
      -37.125949244623087 -47.005773376061178)
     (8.76317911872556 3.8383671646880941 4.6400691524327966
      45.875558712245535 -6.1288493060087461 -14.125358668141658
      -14.539264723699196 -28.323701450242378)
     (0.75538372776053953 -9.9188212319443458 -11.302859950513929
      -6.1288493060087461 55.247143601895004 -3.8326832060667875
      -12.482502307375483 -12.336811327746272)
     (-29.37461397994862 -20.0797316321788 -27.628061557346342
      -14.125358668141658 -3.8326832060667875 72.990877379134133
      6.2574105913037075 15.79216107324438)
     (-51.379477486529638 -29.955934785442118 -37.125949244623087
      -14.539264723699196 -12.482502307375483 6.2574105913037075
      95.167057631249534 44.058660325116278)
     (-61.655975081387908 -39.812084220585923 -47.005773376061178
      -28.323701450242378 -12.336811327746272 15.79216107324438
      44.058660325116278 129.28352405766293)))))
 ((pools
   ((number_of_pools 8) (teams_per_pool 1) (cycles_per_pool 1)
    (multibracket ((8 0 0 0) (1) (4 2 0 0)))))
  ((samples 1519)
   (sums
    (619.412885538449 549.34712846256173 -81.264403407084359
     85.263833677054279 4.9825519492832751 -284.98651382059626
     -351.68434948733386 -541.07113291233372))
   (prods
    ((641.35821189872 132.01504627913752 -186.18510039165636
      -4.633864777606032 -23.523559735355747 -158.3983655567497
      -167.01196884168479 -233.62039887480495)
     (132.01504627913752 655.53628612274156 -154.05248944730766
      -29.112278103748189 -61.104460738872092 -145.37171891907772
      -182.02510024601517 -215.88528494685838)
     (-186.18510039165636 -154.05248944730766 470.19735706654808
      -50.973321315069427 -25.993062279950848 -31.327605686417872
      -15.646858934304037 -6.0189190118420832)
     (-4.633864777606032 -29.112278103748189 -50.973321315069427
      337.83543259824859 -49.261548124030291 -63.145784625860117
      -57.623087355199587 -83.085548296734913)
     (-23.523559735355747 -61.104460738872092 -25.993062279950848
      -49.261548124030291 280.10365685189322 -35.395414851717696
      -42.232882445048141 -42.592728676918448)
     (-158.3983655567497 -145.37171891907772 -31.327605686417872
      -63.145784625860117 -35.395414851717696 332.04878947435066
      36.538089758290333 65.052010407181868)
     (-167.01196884168479 -182.02510024601517 -15.646858934304037
      -57.623087355199587 -42.232882445048141 36.538089758290333
      333.28665602101222 94.715152042949072)
     (-233.62039887480495 -215.88528494685838 -6.0189190118420832
      -83.085548296734913 -42.592728676918448 65.052010407181868
      94.715152042949072 421.43571735702773)))))
 ((pools
   ((number_of_pools 8) (teams_per_pool 1) (cycles_per_pool 1)
    (multibracket ((8 0 0 0) (1) (2 0)))))
  ((samples 749)
   (sums
    (269.10751058383119 280.67164002331776 96.811009855436424
     131.53567382539393 -29.43928937419016 -139.44737235229155
     -256.51979614606364 -352.71937641543423))
   (prods
    ((262.62386361478912 60.400959745149279 4.3292856441912786
      33.053061465189458 -36.949863761806512 -65.299858088914121
      -114.05840326082526 -144.09904535777332)
     (60.400959745149279 340.149522309767 -11.453039516698546
      31.901823996155812 -60.582723559809253 -91.82187145785511
      -113.76964047155479 -154.82503104515436)
     (4.3292856441912786 -11.453039516698546 204.8085678432063
      4.8874988667783619 -32.962683137377553 -45.040691188657149
      -61.299701703660169 -63.269236807782455)
     (33.053061465189458 31.901823996155812 4.8874988667783619
      167.48614164792127 -19.196537573655775 -52.251080351003282
      -63.517836670960087 -102.36307138042568)
     (-36.949863761806512 -60.582723559809253 -32.962683137377553
      -19.196537573655775 192.70304691010665 -2.6354100734846311
      -20.527383052197152 -19.848445751775721)
     (-65.299858088914121 -91.82187145785511 -45.040691188657149
      -52.251080351003282 -2.6354100734846311 189.73799474729464
      23.377413118812616 43.933503293807014)
     (-114.05840326082526 -113.76964047155479 -61.299701703660169
      -63.517836670960087 -20.527383052197152 23.377413118812616
      250.72198100992165 99.073571030462929)
     (-144.09904535777332 -154.82503104515436 -63.269236807782455
      -102.36307138042568 -19.848445751775721 43.933503293807014
      99.073571030462929 341.3977560186417)))))
 ((pools
   ((number_of_pools 2) (teams_per_pool 4) (cycles_per_pool 1)
    (multibracket ((4 2 2 0 0) (2 1 0) (1)))))
  ((samples 273)
   (sums
    (85.0822527235268 34.067323094623575 55.158721664358666
     28.914416451817807 -10.066341450307206 -46.870575262455489
     -57.818874092940867 -88.466923128623179))
   (prods
    ((74.276309864140416 -21.398265920445027 8.5274021714589079
      6.5569193158758381 -6.8988803109830013 -15.43522895208673
      -18.006460335068905 -27.621795832891497)
     (-21.398265920445027 81.011582015178632 -1.641313825635393
      -10.681352706277494 -9.1549158050328057 -14.361064851814684
      -10.776459782877314 -12.998209123095929)
     (8.5274021714589079 -1.641313825635393 74.997801704089014
      -6.6291933893403758 -10.044319239590301 -25.301602716586789
      -16.665152854122759 -23.243621850272312)
     (6.5569193158758381 -10.681352706277494 -6.6291933893403758
      52.634152708734533 -7.1943214365012569 -7.7672730437093751
      -8.6487975845518328 -18.270133864230051)
     (-6.8988803109830013 -9.1549158050328057 -10.044319239590301
      -7.1943214365012569 49.449716939502551 -9.2783190164166633
      -7.0932599033716883 0.21429877239318307)
     (-15.43522895208673 -14.361064851814684 -25.301602716586789
      -7.7672730437093751 -9.2783190164166633 57.55363180504753
      2.4531735582415779 12.136683217325146)
     (-18.006460335068905 -10.776459782877314 -16.665152854122759
      -8.6487975845518328 -7.0932599033716883 2.4531735582415779
      46.8420304573242 11.89492644442673)
     (-27.621795832891497 -12.998209123095929 -23.243621850272312
      -18.270133864230051 0.21429877239318307 12.136683217325146
      11.89492644442673 57.88785223634472)))))
 ((pools
   ((number_of_pools 2) (teams_per_pool 4) (cycles_per_pool 1)
    (multibracket ((4 2 2 0 0) (1) (4 2 0 0)))))
  ((samples 12972)
   (sums
    (4550.2590419477156 3935.5023326809 -192.50578176625797
     720.32258453775523 -41.939814535863448 -2242.3634960596305
     -2440.8851079048923 -4288.3897588997252))
   (prods
    ((4470.4647175165946 485.50160874329424 -1064.9733939764283
      -175.75081963211071 -205.96725785316187 -1010.6121095384128
      -930.65852761027531 -1568.0042176495008)
     (485.50160874329424 4869.4513476621532 -1064.1126236403675
      -332.89828367617395 -462.52699530011574 -1063.5738265311497
      -920.29289988587175 -1511.5483273717698)
     (-1064.9733939764283 -1064.1126236403675 3486.4952918625331
      -341.32866611669158 -353.14829414461428 -314.93604076669391
      -168.60333490735246 -179.39293831038478)
     (-175.75081963211071 -332.89828367617395 -341.32866611669158
      2695.4536014919204 -360.07374278043517 -519.11323558161871
      -440.09613843994038 -526.19271526495038)
     (-205.96725785316187 -462.52699530011574 -353.14829414461428
      -360.07374278043517 2382.7888564395657 -383.94896389848856
      -284.79056832783169 -332.33303413491865)
     (-1010.6121095384128 -1063.5738265311497 -314.93604076669391
      -519.11323558161871 -383.94896389848856 2704.4633524222909
      109.0775789863186 478.64324490775437)
     (-930.65852761027531 -920.29289988587175 -168.60333490735246
      -440.09613843994038 -284.79056832783169 109.0775789863186
      2120.8924582639229 514.47143192103022)
     (-1568.0042176495008 -1511.5483273717698 -179.39293831038478
      -526.19271526495038 -332.33303413491865 478.64324490775437
      514.47143192103022 3124.356555902742)))))
 ((pools
   ((number_of_pools 2) (teams_per_pool 4) (cycles_per_pool 1)
    (multibracket ((4 2 2 0 0) (1) (4 0 0)))))
  ((samples 12972)
   (sums
    (4479.6225911357014 3823.4078618380786 66.5454720419707
     1124.5365244676814 129.97833108846407 -1988.3904703268688
     -2882.6244836908995 -4753.0758265541253))
   (prods
    ((4330.9611394449248 438.64229620457974 -953.29456509779789
      45.224668488739717 -161.67061195805678 -851.65388864211013
      -1084.8357262397171 -1763.3733122005629)
     (438.64229620457974 4796.6526019497906 -962.04460514177458
      -241.91654242429283 -342.31878944976796 -976.17578123428177
      -1090.7439346564827 -1622.0952452477729)
     (-953.29456509779789 -962.04460514177458 3448.9792089826497
      -311.30513034514553 -349.96387448645123 -289.07232335639816
      -287.8368831130727 -295.46182744200911)
     (45.224668488739717 -241.91654242429283 -311.30513034514553
      2741.1572378599044 -297.38641701310667 -562.63209256766481
      -612.4692981187427 -760.67242587969156)
     (-161.67061195805678 -342.31878944976796 -349.96387448645123
      -297.38641701310667 2367.5304530939779 -400.94138510767675
      -395.50205020445094 -419.7473248744688)
     (-851.65388864211013 -976.17578123428177 -289.07232335639816
      -562.63209256766481 -400.94138510767675 2568.4769624463256
      139.37861918409149 372.61988927771392)
     (-1084.8357262397171 -1090.7439346564827 -287.8368831130727
      -612.4692981187427 -395.50205020445094 139.37861918409149
      2557.575851052944 774.43342209543175)
     (-1763.3733122005629 -1622.0952452477729 -295.46182744200911
      -760.67242587969156 -419.7473248744688 372.61988927771392
      774.43342209543175 3714.2968242713582)))))
 ((pools
   ((number_of_pools 2) (teams_per_pool 4) (cycles_per_pool 1)
    (multibracket ((4 2 2 0 0) (1) (2 0)))))
  ((samples 4433)
   (sums
    (1547.698726166125 1308.0803649763657 195.85110657650478 561.491301282388
     -148.90438656871711 -912.6395773500542 -956.237040361871
     -1595.34049472074))
   (prods
    ((1525.7631727104617 172.82575396502736 -258.58488758696569
      99.099164142234912 -150.11311062211598 -408.99315883954785
      -377.60078785867393 -602.39614591042073)
     (172.82575396502736 1582.3759139385513 -224.00291533655729
      -13.960506314486462 -189.87539688037307 -411.18058387923429
      -361.36851488879273 -554.813750604135)
     (-258.58488758696569 -224.00291533655729 1268.5612847939631
      -82.806053538082821 -165.90647649103002 -204.46555275938914
      -162.65153919419674 -170.14385988774154)
     (99.099164142234912 -13.960506314486462 -82.806053538082821
      961.35605536498747 -130.97085950679858 -264.04186849398633
      -249.61505708237874 -319.06087457148942)
     (-150.11311062211598 -189.87539688037307 -165.90647649103002
      -130.97085950679858 886.62088684771334 -94.59834713219422
      -81.766594868632 -73.390101346569253)
     (-408.99315883954785 -411.18058387923429 -204.46555275938914
      -264.04186849398633 -94.59834713219422 1073.7946855650346
      87.45104561457596 222.03377992474151)
     (-377.60078785867393 -361.36851488879273 -162.65153919419674
      -249.61505708237874 -81.766594868632 87.45104561457596 878.429825626411
      267.12162265168712)
     (-602.39614591042073 -554.813750604135 -170.14385988774154
      -319.06087457148942 -73.390101346569253 222.03377992474151
      267.12162265168712 1230.649329743927)))))
 ((pools
   ((number_of_pools 2) (teams_per_pool 4) (cycles_per_pool 1)
    (multibracket ((8 0 0 0) (4 0 3 0 0) (1)))))
  ((samples 273)
   (sums
    (102.72147766626686 35.397110739237057 51.775998402735034
     29.337065880415182 -23.981828026044848 -42.161679894738469
     -50.295002221640445 -102.79314254623029))
   (prods
    ((102.65830104441 -18.45714225285662 16.601388731086555
      4.8106988802940123 -16.859991738208898 -27.25600443309899
      -16.860037401441083 -44.637212830184922)
     (-18.45714225285662 76.582320081766127 -5.0921658570608272
      -2.4662015462581324 -3.8031139173169919 -14.625186488239809
      -13.349088042440886 -18.78942197759287)
     (16.601388731086555 -5.0921658570608272 69.073258714310867
      -4.2909735421345783 -11.690529187710668 -13.719870778634675
      -16.460673995058286 -34.420434084798373)
     (4.8106988802940123 -2.4662015462581324 -4.2909735421345783
      60.535978700495534 -17.588861269773581 -12.777527164488015
      -13.192469724166479 -15.030644333968743)
     (-16.859991738208898 -3.8031139173169919 -11.690529187710668
      -17.588861269773581 48.394592730452658 3.1063693710878706
      -3.554932287295768 1.9964662987653712)
     (-27.25600443309899 -14.625186488239809 -13.719870778634675
      -12.777527164488015 3.1063693710878706 52.08991629817541
      4.8564514097569953 8.3258517854412162)
     (-16.860037401441083 -13.349088042440886 -16.460673995058286
      -13.192469724166479 -3.554932287295768 4.8564514097569953
      46.6854681118229 11.8752819288226)
     (-44.637212830184922 -18.78942197759287 -34.420434084798373
      -15.030644333968743 1.9964662987653712 8.3258517854412162
      11.8752819288226 90.68011321351571)))))
 ((pools
   ((number_of_pools 2) (teams_per_pool 4) (cycles_per_pool 1)
    (multibracket ((8 0 0 0) (4 2 0 1 0) (1)))))
  ((samples 273)
   (sums
    (99.810096038442367 44.590622066411015 47.582755873908653
     21.28976109232439 -3.0984061211894414 -49.974649838888809
     -71.079428649832607 -89.120750461175533))
   (prods
    ((99.395494870078522 -12.35273144730909 6.8793059780236163
      -3.5835680617863814 -3.9488499516825875 -21.999460224159648
      -33.890131584147504 -30.500059579016906)
     (-12.35273144730909 81.3745895494775 -4.5089071846202087
      -10.173148627547205 -8.9251288126881345 -10.699099808755705
      -17.221869917972477 -17.493703750584686)
     (6.8793059780236163 -4.5089071846202087 69.443068877036865
      -2.1369140441510197 -7.297948904389818 -21.007414998815896
      -17.955174302235292 -23.416015420848236)
     (-3.5835680617863814 -10.173148627547205 -2.1369140441510197
      61.282720941911933 -5.3339318858427811 -12.509398068268897
      -14.538410904362685 -13.007349349952968)
     (-3.9488499516825875 -8.9251288126881345 -7.297948904389818
      -5.3339318858427811 39.7867640123164 -8.7662240715524824
      -2.5251051805685236 -2.9895752055920677)
     (-21.999460224159648 -10.699099808755705 -21.007414998815896
      -12.509398068268897 -8.7662240715524824 57.285628637561551
      6.990724483450439 10.705244050540649)
     (-33.890131584147504 -17.221869917972477 -17.955174302235292
      -14.538410904362685 -2.5251051805685236 6.990724483450439
      66.481130974877516 12.658836430958514)
     (-30.500059579016906 -17.493703750584686 -23.416015420848236
      -13.007349349952968 -2.9895752055920677 10.705244050540649
      12.658836430958514 64.042622824495709)))))
 ((pools
   ((number_of_pools 2) (teams_per_pool 4) (cycles_per_pool 1)
    (multibracket ((8 0 0 0) (2 1 0) (4 0 1 1 0)))))
  ((samples 9184)
   (sums
    (3497.1020900424082 1954.7060924717234 296.00765346655174
     911.67107554834126 78.019915156994941 -1453.9052810167527
     -2005.895268803115 -3277.7062768661517))
   (prods
    ((3572.6724454999339 -67.117910395320919 -589.05725252140383
      144.89652352636338 -132.06896062762218 -714.91688176289108
      -847.90552838784879 -1366.5024353312106)
     (-67.117910395320919 2975.69649323688 -553.606683646985
      -69.78267487952958 -246.34373227099005 -562.0935225725151
      -594.66935525893859 -882.08261421260056)
     (-589.05725252140383 -553.606683646985 2434.7777313339625
      -180.0324795619668 -255.09309053026783 -301.82903613816109
      -264.38402353495144 -290.77516540022555)
     (144.89652352636338 -69.78267487952958 -180.0324795619668
      1835.2908118507198 -240.16211249446758 -446.06689090705277
      -454.83837167305762 -589.30480586100862)
     (-132.06896062762218 -246.34373227099005 -255.09309053026783
      -240.16211249446758 1604.5646441503836 -213.78817817515034
      -248.88882091756435 -268.21974913432109)
     (-714.91688176289108 -562.0935225725151 -301.82903613816109
      -446.06689090705277 -213.78817817515034 1826.1480726049033
      104.293447008918 308.25298994195)
     (-847.90552838784879 -594.66935525893859 -264.38402353495144
      -454.83837167305762 -248.88882091756435 104.293447008918
      1805.1216666753794 501.27098608806421)
     (-1366.5024353312106 -882.08261421260056 -290.77516540022555
      -589.30480586100862 -268.21974913432109 308.25298994195
      501.27098608806421 2587.3607939093522)))))
 ((pools
   ((number_of_pools 2) (teams_per_pool 4) (cycles_per_pool 1)
    (multibracket ((8 0 0 0) (2 1 0) (2 0)))))
  ((samples 1039)
   (sums
    (402.14942372278784 202.61448876628185 201.17249934417353
     215.10328389741198 -30.230571474283462 -180.36812619062943
     -343.430587634616 -467.01041043112616))
   (prods
    ((415.648338161188 -34.557596358924449 37.090335612927269
      75.8243809209402 -37.120060760408208 -96.2401865677177
      -153.10679663663169 -207.53841437137339)
     (-34.557596358924449 320.88900572089034 11.819078941906925
      26.432789022260152 -48.0519857032823 -63.83753087090966
      -97.674282187222346 -115.01947856471861)
     (37.090335612927269 11.819078941906925 275.91833723282787
      25.546948452454561 -35.884289781475694 -65.697923935294583
      -122.52485400235537 -126.26763252099099)
     (75.8243809209402 26.432789022260152 25.546948452454561
      238.34246791597843 -48.104906067668168 -72.290696282053446
      -113.31519436171754 -132.43578960019417)
     (-37.120060760408208 -48.0519857032823 -35.884289781475694
      -48.104906067668168 234.17940805851964 -29.384244159929377
      -18.730170677641013 -16.903750908114883)
     (-96.2401865677177 -63.83753087090966 -65.697923935294583
      -72.290696282053446 -29.384244159929377 228.27056887988672
      37.866247171100753 61.313765764917164)
     (-153.10679663663169 -97.674282187222346 -122.52485400235537
      -113.31519436171754 -18.730170677641013 37.866247171100753
      354.49643013080936 112.98862056365792)
     (-207.53841437137339 -115.01947856471861 -126.26763252099099
      -132.43578960019417 -16.903750908114883 61.313765764917164
      112.98862056365792 423.86267963681678)))))
 ((pools
   ((number_of_pools 2) (teams_per_pool 4) (cycles_per_pool 1)
    (multibracket ((8 0 0 0) (2 1 0) (1)))))
  ((samples 131)
   (sums
    (48.7569349219068 37.752926843750743 44.967607515989414
     7.3851176822838083 -0.96556316917707974 -23.980204825080943
     -50.449590922798578 -63.467228046874169))
   (prods
    ((50.774873312141551 1.8128502455737188 13.744473162161015
      5.2094712473569675 -1.6307414274613539 -9.1421696204130942
      -31.643417902339522 -29.125339017019286)
     (1.8128502455737188 50.757645170481453 12.081203271309166
      -5.125424033599697 -7.4606652233188546 -10.535033801833521
      -17.310912931594672 -24.219662697017576)
     (13.744473162161015 12.081203271309166 41.1969501195627
      -1.4413572612534409 -1.7587208678065862 -10.180399657590703
      -26.070440336897288 -27.571708429484882)
     (5.2094712473569675 -5.125424033599697 -1.4413572612534409
      36.063758689832163 -3.3668138648932633 -10.406590904727588
      -10.427165337978096 -10.505878534737061)
     (-1.6307414274613539 -7.4606652233188546 -1.7587208678065862
      -3.3668138648932633 24.742557976250087 -5.7474999945726841
      -2.3329594279580661 -2.4451571702392836)
     (-9.1421696204130942 -10.535033801833521 -10.180399657590703
      -10.406590904727588 -5.7474999945726841 28.604323553720203
      8.9195869540850232 8.4877834713323832)
     (-31.643417902339522 -17.310912931594672 -26.070440336897288
      -10.427165337978096 -2.3329594279580661 8.9195869540850232
      54.210847002607267 24.654461980075375)
     (-29.125339017019286 -24.219662697017576 -27.571708429484882
      -10.505878534737061 -2.4451571702392836 8.4877834713323832
      24.654461980075375 60.725500397090322)))))
 ((pools
   ((number_of_pools 2) (teams_per_pool 4) (cycles_per_pool 1)
