(((eight_team_group_test Jumble)
  ((samples 390000)
   (sums
    (150588.36342252346 131442.46917347319 92321.890070822526
     4606.92971697281 -1848.5859951050843 -66282.643703743874
     -127157.90298414417 -183670.51970079873))
   (prods
    ((152857.20913570546 28008.815466228429 18785.20758749633
      -14621.992088176281 -11082.320978961516 -35244.26563301112
      -58383.473768588112 -80319.1797206932)
     (28008.815466228429 157381.23693669416 15074.686678155993
      -18088.523496010603 -15009.411592990118 -36248.416861961581
      -56242.418812996584 -74875.968317119638)
     (18785.20758749633 15074.686678155993 129003.48993299081
      -15639.099867517623 -13770.403446843304 -31094.378238165686
      -44654.779421481056 -57704.723224635447)
     (-14621.992088176281 -18088.523496010603 -15639.099867517623
      104830.77067277252 -9661.0530261473723 -12943.312798370869
      -16531.415777869424 -17345.373618680293)
     (-11082.320978961516 -15009.411592990118 -13770.403446843304
      -9661.0530261473723 85296.109150654665 -10688.765107459034
      -12178.066205378178 -12906.088792875142)
     (-35244.26563301112 -36248.416861961581 -31094.378238165686
      -12943.312798370869 -10688.765107459034 94083.458021758139
      12151.688547952281 19983.992069257813)
     (-58383.473768588112 -56242.418812996584 -44654.779421481056
      -16531.415777869424 -12178.066205378178 12151.688547952281
      125021.84787647307 50816.617561887972)
     (-80319.1797206932 -74875.968317119638 -57704.723224635447
      -17345.373618680293 -12906.088792875142 19983.992069257813
      50816.617561887972 172350.72404285788)))))
 ((eight_team_group_test WorldCup)
  ((samples 390000)
   (sums
    (150723.28722889122 131517.19926822948 91001.910410773809
     5379.826746073526 -818.38629184595163 -67158.989516745176
     -126610.58784758451 -184034.25999779248))
   (prods
    ((152926.8434587548 27865.736490181742 18037.660078637778
      -14122.189831043383 -10420.33483458927 -35562.526344770682
      -57996.6674588249 -80728.521558345979)
     (27865.736490181742 157024.13117140858 15031.130726846723
      -17566.3515236083 -14316.380337473407 -36834.847423313651
      -56048.953554885557 -75154.465549156143)
     (18037.660078637778 15031.130726846723 128605.19074609395
      -15385.680113469331 -13781.728229183289 -31198.218061180476
      -43906.1366169193 -57402.218530826118)
     (-14122.189831043383 -17566.3515236083 -15385.680113469331
      104829.11793231787 -9386.2098980230548 -13355.529166991571
      -16985.223312402948 -18027.934086779343)
     (-10420.33483458927 -14316.380337473407 -13781.728229183289
      -9386.2098980230548 84640.95640131706 -10789.059529964503
      -10977.917736370055 -14969.325835713465)
     (-35562.526344770682 -36834.847423313651 -31198.218061180476
      -13355.529166991571 -10789.059529964503 94810.345464589132
      10660.01222694953 22269.822834682262)
     (-57996.6674588249 -56048.953554885557 -43906.1366169193
      -16985.223312402948 -10977.917736370055 10660.01222694953
      124570.49953182324 50684.38692063)
     (-80728.521558345979 -75154.465549156143 -57402.218530826118
      -18027.934086779343 -14969.325835713465 22269.822834682262
      50684.38692063 173328.25580550884))))))