(((pools ((number_of_pools 2) (teams_per_pool 8) (multibracket ((2 0)))))
  ((samples 7300)
   (sums
    (2768.6500107560269 2915.0431633249491 2033.6685763527275 710.32703756681
     1153.0770257724432 282.92066664961385 459.02248661895044
     -254.1203682206534 -162.43337273181083 -749.30452686711442
     -728.64096104205589 -1321.6790371434977 -1247.2752470453731
     -1834.8346707374535 -1743.6323026523974 -2280.7884806011625))
   (prods
    ((2760.6499665186748 645.57747131438589 401.50923367032021
      -23.299546751800698 241.89105039807663 -45.238510880324426
      107.63254552807638 -174.47212171570845 -89.554136481750618
      -299.79804320543104 -291.71036062613229 -512.218994080527
      -474.75251577936433 -709.371419394774 -656.3379474154217
      -880.50667109829874)
     (645.57747131438589 3511.66309818435 538.43589598069559
      -45.975993756852766 193.63431298598039 -184.60814303231638
      51.67148617813659 -264.68615809559014 -203.88736984723849
      -428.9566431597699 -339.81542368751883 -578.75029830859376
      -533.03814658319573 -757.3731633131473 -700.35813587319194
      -903.53278898612825)
     (401.50923367032021 538.43589598069559 2884.9306630171441
      -246.90676772238339 142.44825834422727 -82.4964201140796
      -65.334992816780158 -291.01638529510035 -169.086314299551
      -321.56057136377427 -263.78039304465915 -431.53305496459637
      -397.74407149816454 -552.81150396228213 -497.42499475564296
      -647.62858117537564)
     (-23.299546751800698 -45.975993756852766 -246.90676772238339
      2335.0379478778773 -44.122956888476288 -139.49138298835686
      -162.62766847469788 -174.40333604167029 -127.08899010242601
      -167.18730479887489 -139.54817668855958 -219.50876409260638
      -165.56529241446003 -246.98612087670574 -183.83209946352994
      -248.49354681647816)
     (241.89105039807663 193.63431298598039 142.44825834422727
      -44.122956888476288 2140.81176447744 -193.2918542469038
      -50.474424062738819 -164.40766464883598 -154.29999916964752
      -294.32533078906215 -201.36998231180246 -312.11503860468559
      -247.10270555964672 -346.7585860829829 -309.70623861972894
      -400.81060522121072)
     (-45.238510880324426 -184.60814303231638 -82.4964201140796
      -139.49138298835686 -193.2918542469038 1953.1625466278854
      -43.277729974918692 -97.0735200115209 -164.40258260012433
      -194.71840603372709 -149.84533140564764 -161.85440131527531
      -108.8623850790332 -139.71467573859093 -121.61496951197596
      -126.67223369509014)
     (107.63254552807638 51.67148617813659 -65.334992816780158
      -162.62766847469788 -50.474424062738819 -43.277729974918692
      1657.2521255530585 -147.7183778105306 -62.522451525453988
      -112.31282514185563 -187.19660549804854 -214.20869094227214
      -154.43877248475246 -200.53279557604492 -219.07656586427066
      -196.83425708690288)
     (-174.47212171570845 -264.68615809559014 -291.01638529510035
      -174.40333604167029 -164.40766464883598 -97.0735200115209
      -147.7183778105306 1613.1544595832661 -16.822037907401114
      -50.080458978262357 -100.12320411829924 -68.897241219321955
      -66.060760070881827 -36.646577264534166 12.983698099394742
      26.269685494994924)
     (-89.554136481750618 -203.88736984723849 -169.086314299551
      -127.08899010242601 -154.29999916964752 -164.40258260012433
      -62.522451525453988 -16.822037907401114 1388.1320699624391
      -103.10831273530798 -60.522911522833716 -48.414803895906651
      -68.04699348939387 -84.322641693884549 -27.792973352678437
      -8.2595513388399162)
     (-299.79804320543104 -428.9566431597699 -321.56057136377427
      -167.18730479887489 -294.32533078906215 -194.71840603372709
      -112.31282514185563 -50.080458978262357 -103.10831273530798
      1447.492974302372 49.906186301205139 91.963751085846312
      15.826501133643262 108.01392614010896 124.43151287061835
      134.41304437227447)
     (-291.71036062613229 -339.81542368751883 -263.78039304465915
      -139.54817668855958 -201.36998231180246 -149.84533140564764
      -187.19660549804854 -100.12320411829924 -60.522911522833716
      49.906186301205139 1211.8509804818066 26.8560949103778
      54.227404381578594 147.67870339240577 86.303370503908326
      157.08964893221832)
     (-512.218994080527 -578.75029830859376 -431.53305496459637
      -219.50876409260638 -312.11503860468559 -161.85440131527531
      -214.20869094227214 -68.897241219321955 -48.414803895906651
      91.963751085846312 26.8560949103778 1352.5986442164217
      199.17456124590211 282.236721128084 247.19003563747589
      347.48147919967596)
     (-474.75251577936433 -533.03814658319573 -397.74407149816454
      -165.56529241446003 -247.10270555964672 -108.8623850790332
      -154.43877248475246 -66.060760070881827 -68.04699348939387
      15.826501133643262 54.227404381578594 199.17456124590211
      1109.1791261250232 243.63729094520531 254.55951451435823
      339.00724461318333)
     (-709.371419394774 -757.3731633131473 -552.81150396228213
      -246.98612087670574 -346.7585860829829 -139.71467573859093
      -200.53279557604492 -36.646577264534166 -84.322641693884549
      108.01392614010896 147.67870339240577 282.236721128084
      243.63729094520531 1397.37334913569 385.7432972030183
      509.83419595843503)
     (-656.3379474154217 -700.35813587319194 -497.42499475564296
      -183.83209946352994 -309.70623861972894 -121.61496951197596
      -219.07656586427066 12.983698099394742 -27.792973352678437
      124.43151287061835 86.303370503908326 247.19003563747589
      254.55951451435823 385.7432972030183 1118.0420348544167
      486.89046117325086)
     (-880.50667109829874 -903.53278898612825 -647.62858117537564
      -248.49354681647816 -400.81060522121072 -126.67223369509014
      -196.83425708690288 26.269685494994924 -8.2595513388399162
      134.41304437227447 157.08964893221832 347.48147919967596
      339.00724461318333 509.83419595843503 486.89046117325086
      1411.7524756742905)))))
 ((pools
   ((number_of_pools 4) (teams_per_pool 4) (multibracket ((8 4 4 0 0 0)))))
  ((samples 7300)
   (sums
    (2971.6966076573754 3271.3657590315106 2912.0028087749324
     1551.6909882011646 1883.5826552989711 983.98901586920488
     89.765508006606225 -634.59738265691681 62.613465651326571
     -637.12259802573124 -1265.9353858252605 -1815.0038900956124
     -1467.6003171075567 -2088.3263929808913 -2619.6080710910728
     -3198.5127707080342))
   (prods
    ((3065.0270689680356 910.34116120698786 942.57456331970343
      385.92170793072057 577.87603174733363 209.04168291157669
      -156.84540497468029 -423.86172688541751 -12.529274106303461
      -316.58590474788195 -580.26466319133692 -753.90165097475074
      -592.12110205160559 -847.37669134590965 -1083.346461448602
      -1323.9493363578661)
     (910.34116120698786 3912.0210992380225 1052.1888225020662
      440.45967683187092 597.485920725262 186.26446880522255
      -217.1333877516123 -518.98673919257851 -92.397732127934034
      -382.46625594919931 -666.56140582943715 -892.40030401192359
      -688.68741886391319 -949.66721755323556 -1201.5149110829343
      -1488.945776946679)
     (942.57456331970343 1052.1888225020662 3555.399449399385
      299.92364085095039 550.1513656732925 214.85389349780337
      -161.33109423160283 -472.28831252762211 -92.213274480169389
      -408.77825400934086 -624.38384811853393 -860.385700632327
      -664.83491396277418 -880.84239309389352 -1152.9416833394457
      -1297.0922608475039)
     (385.92170793072057 440.45967683187092 299.92364085095039
      2701.3516725321965 262.40434186632848 49.176208659835687
      -143.74449083357788 -343.912314326391 -181.66813382735779
      -238.23728690326016 -401.32771145311506 -528.67852268934848
      -361.90870124977539 -551.56906112974184 -623.21629432593772
      -764.97473193339158)
     (577.87603174733363 597.485920725262 550.1513656732925
      262.40434186632848 2650.4177206071108 143.87450650452229
      -123.49029819028431 -367.28104439613577 -91.289551396395467
      -287.36448435328072 -490.30947918376791 -592.56100896606608
      -460.5254658069922 -646.42470424544558 -775.422913827895
      -947.54093675758736)
     (209.04168291157669 186.26446880522255 214.85389349780337
      49.176208659835687 143.87450650452229 2274.7609941205028
      -158.72313712979553 -267.1408232205082 -95.979866688168528
      -233.11282605750671 -304.03776729656482 -358.80617459005111
      -304.85095885905946 -401.78810047398497 -421.00612529011704
      -532.52597489370487)
     (-156.84540497468029 -217.1333877516123 -161.33109423160283
      -143.74449083357788 -123.49029819028431 -158.72313712979553
      2133.7601402883638 -125.68356302063648 -97.671049571883685
      -106.81932557952396 -131.5571776222699 -182.80814774842935
      -135.73945484072573 -117.63933884050869 -123.57928207111615
      -150.99498788171383)
     (-423.86172688541751 -518.98673919257851 -472.28831252762211
      -343.912314326391 -367.28104439613577 -267.1408232205082
      -125.68356302063648 2229.6233924680955 -63.726074465442018
      -68.1769873564958 -26.794286997616666 30.362640903298832
      31.20462508984545 74.3516349082721 134.30577016545959
      178.00380885386852)
     (-12.529274106303461 -92.397732127934034 -92.213274480169389
      -181.66813382735779 -91.289551396395467 -95.979866688168528
      -97.671049571883685 -63.726074465442018 1543.8604150443034
      -79.896189360537932 -118.31520207079413 -128.01872409311284
      -132.02913222502556 -105.65368262117585 -126.8213445300091
      -125.65118347999446)
     (-316.58590474788195 -382.46625594919931 -408.77825400934086
      -238.23728690326016 -287.36448435328072 -233.11282605750671
      -106.81932557952396 -68.1769873564958 -79.896189360537932
      1607.9425554754198 58.419306885481504 16.112578779604384
      20.199690769618826 89.480711305689269 162.05532969477505
      167.22734140643675)
     (-580.26466319133692 -666.56140582943715 -624.38384811853393
      -401.32771145311506 -490.30947918376791 -304.03776729656482
      -131.5571776222699 -26.794286997616666 -118.31520207079413
      58.419306885481504 1749.0892331692721 239.41993018221928
      205.02484759427671 279.57045075063 374.26114334290963
      437.76662983864583)
     (-753.90165097475074 -892.40030401192359 -860.385700632327
      -528.67852268934848 -592.56100896606608 -358.80617459005111
      -182.80814774842935 30.362640903298832 -128.01872409311284
      16.112578779604384 239.41993018221928 2009.340188274603
      291.72093063383568 428.17443541948245 565.91584637133178
      716.513683141632)
     (-592.12110205160559 -688.68741886391319 -664.83491396277418
      -361.90870124977539 -460.5254658069922 -304.85095885905946
      -135.73945484072573 31.20462508984545 -132.02913222502556
      20.199690769618826 205.02484759427671 291.72093063383568
      1430.020393624643 370.39396068607107 441.6767338581576
      550.45596560342528)
     (-847.37669134590965 -949.66721755323556 -880.84239309389352
      -551.56906112974184 -646.42470424544558 -401.78810047398497
      -117.63933884050869 74.3516349082721 -105.65368262117585
      89.480711305689269 279.57045075063 428.17443541948245
      370.39396068607107 1727.1447659251044 664.900155823327
      866.94507448531635)
     (-1083.346461448602 -1201.5149110829343 -1152.9416833394457
      -623.21629432593772 -775.422913827895 -421.00612529011704
      -123.57928207111615 134.30577016545959 -126.8213445300091
      162.05532969477505 374.26114334290963 565.91584637133178
      441.6767338581576 664.900155823327 2056.5954493513395
      1108.1385873087634)
     (-1323.9493363578661 -1488.945776946679 -1297.0922608475039
      -764.97473193339158 -947.54093675758736 -532.52597489370487
      -150.99498788171383 178.00380885386852 -125.65118347999446
      167.22734140643675 437.76662983864583 716.513683141632
      550.45596560342528 866.94507448531635 1108.1385873087634
      2606.6240984603528)))))
 ((pools
   ((number_of_pools 4) (teams_per_pool 4) (multibracket ((16 0 0 0 0)))))
  ((samples 17999)
   (sums
    (7993.889696112301 8491.8852917947552 7905.2408573911653 4759.94152058384
     5323.5307391021433 3142.8908703890738 1112.4695189884344
     -753.09883460775768 500.96860642314624 -1164.508656208508
     -2713.1627128415444 -4107.9753691644728 -5533.99777018603
     -7042.0434515397592 -8271.7722959554339 -9644.2580102813517))
   (prods
    ((8522.79838984705 2952.3613891383266 2930.3523243543814
      1457.4940320349247 1931.6961422515294 1048.9205943296902
      199.77553802511687 -704.46990653964042 63.570751672484256
      -700.26216122390792 -1407.5295410737185 -1953.2770777533296
      -2677.13198255259 -3293.418723282261 -3872.4194016124929
      -4498.4603676155666)
     (2952.3613891383266 10154.137369251566 3160.0044188087641
      1683.3766959940722 2022.8805662769241 971.0448151535403
      46.050315375690076 -943.10970608175217 -96.153250487927238
      -814.05957182256623 -1527.664573779693 -2232.5984471051524
      -2832.3089142812473 -3582.9987184552315 -4177.8843283297047
      -4783.0780596556051)
     (2930.3523243543814 3160.0044188087641 9591.63104888352
      1505.4104179773576 1982.407512964618 1016.0363975964631 5.3647311326495
      -795.56045648575525 -89.321711105679611 -882.7790248127933
      -1538.074057316468 -2178.95946347776 -2750.8883476594656
      -3382.73878211842 -3972.0297388638646 -4600.8552698775475)
     (1457.4940320349247 1683.3766959940722 1505.4104179773576
      7157.7604100697708 1187.0629623085294 433.29018763716334
      -130.05514484086427 -677.10336871785773 -190.91883589435923
      -645.898402521361 -1050.2951929682649 -1429.6325028674319
      -1763.8495835591598 -2194.281527927727 -2481.9005184410762
      -2860.4596282837115)
     (1931.6961422515294 2022.8805662769241 1982.407512964618
      1187.0629623085294 6796.5972871029444 724.89574861312462
      -41.653088423321286 -608.57509738354952 -173.08341464668968
      -694.66802282396861 -1082.6532080511645 -1594.19428379972
      -2033.3375443533662 -2472.0171977341511 -2776.1201580884585
      -3169.2382042132781)
     (1048.9205943296902 971.0448151535403 1016.0363975964631
      433.29018763716334 724.89574861312462 5635.7606501472619
      -79.768909920854043 -500.17248180624591 -186.27198230736843
      -514.25673142210553 -786.99793276338153 -998.61567969533417
      -1294.5340625933006 -1630.1386111301067 -1822.4205547665142
      -2016.7714470720312)
     (199.77553802511687 46.050315375690076 5.3647311326495
      -130.05514484086427 -41.653088423321286 -79.768909920854043
      5130.8449182323548 -408.81124022296297 -151.00286164953218
      -343.01086151628596 -447.6099452910168 -587.91801424267135
      -689.84048214279778 -722.93696699144391 -829.57801536443242
      -949.8499721596279)
     (-704.46990653964042 -943.10970608175217 -795.56045648575525
      -677.10336871785773 -608.57509738354952 -500.17248180624591
      -408.81124022296297 5199.6689430149108 -155.68989978584443
      -243.94371326916354 -195.2672926477058 -73.097305250171047
      -21.21834525315511 1.9382632512539253 41.016662218968108
      84.394944958667281)
     (63.570751672484256 -96.153250487927238 -89.321711105679611
      -190.91883589435923 -173.08341464668968 -186.27198230736843
      -151.00286164953218 -155.68989978584443 4055.4262740186687
      -151.27423901120306 -324.91447019659131 -408.69209428909886
      -480.81712228701844 -541.35790664391686 -556.8760116338625
      -612.6232257520619)
     (-700.26216122390792 -814.05957182256623 -882.7790248127933
      -645.898402521361 -694.66802282396861 -514.25673142210553
      -343.01086151628596 -243.94371326916354 -151.27423901120306
      4126.4463280026994 14.77989399821336 56.185380425915511
      95.309380351817907 179.12617675503438 216.2073928111765
      302.09817607849754)
     (-1407.5295410737185 -1527.664573779693 -1538.074057316468
      -1050.2951929682649 -1082.6532080511645 -786.99793276338153
      -447.6099452910168 -195.2672926477058 -324.91447019659131
      14.77989399821336 4379.4230745596651 449.9653098423961
      593.55654539512568 767.6699496058252 939.98838201861884
      1215.6230586681593)
     (-1953.2770777533296 -2232.5984471051524 -2178.95946347776
      -1429.6325028674319 -1594.19428379972 -998.61567969533417
      -587.91801424267135 -73.097305250171047 -408.69209428909886
      56.185380425915511 449.9653098423961 4850.1152182281485
      1095.8957366280542 1407.8336478407332 1655.8918063703918
      1941.0977691450275)
     (-2677.13198255259 -2832.3089142812473 -2750.8883476594656
      -1763.8495835591598 -2033.3375443533662 -1294.5340625933006
      -689.84048214279778 -21.21834525315511 -480.81712228701844
      95.309380351817907 593.55654539512568 1095.8957366280542
      5679.846463500091 2003.6730459688918 2354.5476995864465
      2721.0975132516696)
     (-3293.418723282261 -3582.9987184552315 -3382.73878211842
      -2194.281527927727 -2472.0171977341511 -1630.1386111301067
      -722.93696699144391 1.9382632512539253 -541.35790664391686
      179.12617675503438 767.6699496058252 1407.8336478407332
      2003.6730459688918 6772.0573673150457 3086.7224860067417
      3600.86749753973)
     (-3872.4194016124929 -4177.8843283297047 -3972.0297388638646
      -2481.9005184410762 -2776.1201580884585 -1822.4205547665142
      -829.57801536443242 41.016662218968108 -556.8760116338625
      216.2073928111765 939.98838201861884 1655.8918063703918
      2354.5476995864465 3086.7224860067417 7801.6929018526016
      4393.1613962354631)
     (-4498.4603676155666 -4783.0780596556051 -4600.8552698775475
      -2860.4596282837115 -3169.2382042132781 -2016.7714470720312
      -949.8499721596279 84.394944958667281 -612.6232257520619
      302.09817607849754 1215.6230586681593 1941.0977691450275
      2721.0975132516696 3600.86749753973 4393.1613962354631
      9232.9958187522152)))))
 ((pools
   ((number_of_pools 4) (teams_per_pool 4) (multibracket ((8 4 0 0 0)))))
  ((samples 37999)
   (sums
    (15920.693809887769 16885.82992841618 15608.063174640862
     8599.3447360367354 10656.840439613781 5570.8357798046636
     1229.9096309430051 -2562.4934528895592 895.17699758198557
     -2643.2029763998958 -5691.4642304869994 -8783.64745153889
     -9596.912938473497 -12639.380547353456 -15334.378913811628
     -18115.213985971084))
   (prods
    ((16510.853552894077 5087.9466658296988 5048.3285467634714
      2143.2888000135604 3464.5625093097547 1641.287798582473
      -238.35331292251198 -1790.2750102970294 9.24949571494274
      -1479.2013303882773 -2589.6364132037033 -3841.3434716476331
      -4231.6333144465661 -5389.9976676108627 -6543.7695159093837
      -7801.3073326819886)
     (5087.9466658296988 20001.209703044216 5767.183298676242
      2387.2940665245478 3578.0738775282753 1269.9146282923471
      -654.58792306083308 -2159.5755228157259 -58.963575203362055
      -1738.7286272549504 -2924.3009732420919 -4410.2846249494633
      -4568.682039627015 -6024.861566122393 -7157.14654560942
      -8394.4908420100619)
     (5048.3285467634714 5767.183298676242 19194.675140791369
      1852.1935770250689 3603.4434002520547 1199.2522474332704
      -508.88035362231432 -2195.0642525599255 -244.564947090187
      -1811.8258013819911 -2983.6821930293108 -4211.5866102553764
      -4429.0638803419979 -5652.0481883471639 -6773.6660749478087
      -7854.6939093653755)
     (2143.2888000135604 2387.2940665245478 1852.1935770250689
      14450.090770150007 1753.4660440320233 392.47935262335511
      -772.544171752372 -1535.7562628903067 -429.89448923785932
      -1249.2108517208285 -1933.7407420412424 -2669.6555615273778
      -2624.1132880890959 -3389.2349718034638 -3914.9953415019872
      -4459.6669298040433)
     (3464.5625093097547 3578.0738775282753 3603.4434002520547
      1753.4660440320233 14242.893025542129 934.2576799308863
      -601.63376912058254 -1803.2391755034764 -392.01226374075873
      -1390.3582930369857 -2279.2780710249617 -3170.2007839203798
      -3362.1527858827444 -4062.4195798896226 -4831.0401388698829
      -5684.3616756057509)
     (1641.287798582473 1269.9146282923471 1199.2522474332704
      392.47935262335511 934.2576799308863 11775.462393814867
      -562.56961388620664 -1341.0919974597193 -334.57297111277103
      -966.40382560855073 -1498.3975750807547 -1942.5787570970815
      -2013.7169138307809 -2487.8171979231156 -2816.4122691309344
      -3249.0929795472971)
     (-238.35331292251198 -654.58792306083308 -508.88035362231432
      -772.544171752372 -601.63376912058254 -562.56961388620664
      10944.133064214504 -785.79488335926158 -450.32806901945986
      -684.286798236642 -780.71940246793338 -851.01663635861723
      -805.375303649365 -987.784692132873 -988.45507354689221
      -1271.8030610786295)
     (-1790.2750102970294 -2159.5755228157259 -2195.0642525599255
      -1535.7562628903067 -1803.2391755034764 -1341.0919974597193
      -785.79488335926158 10975.066257999299 -412.30304134776179
      -261.20332012504576 -103.95022053151233 60.446777413423177
      76.699125886210908 307.61146049451111 386.72366253432375
      581.70640256202228)
     (9.24949571494274 -58.963575203362055 -244.564947090187
      -429.89448923785932 -392.01226374075873 -334.57297111277103
      -450.32806901945986 -412.30304134776179 7918.4116900702629
      -346.6218126088587 -548.22399384276787 -738.14037775686
      -868.69185789989024 -958.77910274909971 -1053.7134196673437
      -1090.8512645082344)
     (-1479.2013303882773 -1738.7286272549504 -1811.8258013819911
      -1249.2108517208285 -1390.3582930369857 -966.40382560855073
      -684.286798236642 -261.20332012504576 -346.6218126088587
      8174.5839702077874 47.994577201856963 226.26150644153211
      48.213303182003045 300.77417119480788 459.18859259669648
      670.82453953744368)
     (-2589.6364132037033 -2924.3009732420919 -2983.6821930293108
      -1933.7407420412424 -2279.2780710249617 -1498.3975750807547
      -780.71940246793338 -103.95022053151233 -548.22399384276787
      47.994577201856963 8573.91485776608 881.142452393347 976.96533707513038
      1332.4904069178474 1640.123274459384 2189.2986786506426)
     (-3841.3434716476331 -4410.2846249494633 -4211.5866102553764
      -2669.6555615273778 -3170.2007839203798 -1942.5787570970815
      -851.01663635861723 60.446777413423177 -738.14037775686
      226.26150644153211 881.142452393347 9704.0038384349282
      1823.227971565766 2450.471513952401 3047.2871072546682
      3641.9656560567255)
     (-4231.6333144465661 -4568.682039627015 -4429.0638803419979
      -2624.1132880890959 -3362.1527858827444 -2013.7169138307809
      -805.375303649365 76.699125886210908 -868.69185789989024
      48.213303182003045 976.96533707513038 1823.227971565766
      9507.6460122142871 2863.7197965582268 3487.1065938586707
      4119.8512434271488)
     (-5389.9976676108627 -6024.861566122393 -5652.0481883471639
      -3389.2349718034638 -4062.4195798896226 -2487.8171979231156
      -987.784692132873 307.61146049451111 -958.77910274909971
      300.77417119480788 1332.4904069178474 2450.471513952401
      2863.7197965582268 11407.775547160574 4682.4418697539959
      5607.6582005462051)
     (-6543.7695159093837 -7157.14654560942 -6773.6660749478087
      -3914.9953415019872 -4831.0401388698829 -2816.4122691309344
      -988.45507354689221 386.72366253432375 -1053.7134196673437
      459.18859259669648 1640.123274459384 3047.2871072546682
      3487.1065938586707 4682.4418697539959 13310.853708913786
      7065.4735698121076)
     (-7801.3073326819886 -8394.4908420100619 -7854.6939093653755
      -4459.6669298040433 -5684.3616756057509 -3249.0929795472971
      -1271.8030610786295 581.70640256202228 -1090.8512645082344
      670.82453953744368 2189.2986786506426 3641.9656560567255
      4119.8512434271488 5607.6582005462051 7065.4735698121076
      15929.489704009109)))))
 ((pools ((number_of_pools 4) (teams_per_pool 4) (multibracket ((8 0 0 0)))))
  ((samples 17999)
   (sums
    (8005.1002484892579 8723.7604904978725 8019.93700482261
     4821.3736317024022 5698.4479650046114 3344.4834106078524
     1399.7071201019828 -323.902032819292 -1042.19670385602
     -2625.4899180047328 -4080.0698955340158 -5666.6361526473247
     -4544.0734775267356 -5923.7236903727407 -7159.1546330967449
     -8647.563367368999))
   (prods
    ((8481.25410578791 3073.6033728597858 2870.2693854134232
      1580.0437675381547 2087.0794313830515 1075.8947796397003
      271.1879158694432 -374.04785125905238 -774.12827897682951
      -1453.6426122038995 -2149.5800972294528 -2827.9604627883782
      -2053.0673015456787 -2720.7821414542168 -3206.736131223116
      -3879.3878818108287)
     (3073.6033728597858 10402.165764125117 3378.4368372711219
      1731.7470227688309 2286.5283190258115 1172.7017730806792
      178.87022833630587 -675.05807016229971 -924.07048600332041
      -1688.5930618218326 -2368.8255670197559 -3147.4232006216866
      -2358.5406879375032 -3047.436320325889 -3630.0260015210006
      -4384.0799220543531)
     (2870.2693854134232 3378.4368372711219 9703.0202974485037
      1486.2503689553123 2244.9589491450374 1032.5417930236863
      167.75383733593804 -578.41179764857088 -904.21265752625368
      -1593.509985369546 -2294.6484388023691 -2937.0144145999166
      -2311.5746493977472 -2808.3542713637466 -3374.4751781449718
      -4081.0300757398909)
     (1580.0437675381547 1731.7470227688309 1486.2503689553123
      7267.4446442893286 1245.5304390658393 569.03472861020248
      -36.361162279849751 -485.52266269271024 -658.07523800864192
      -1199.7075274087788 -1519.9373130349497 -1921.0382790278929
      -1499.5762049687453 -1733.1663918876961 -2215.3170171342135
      -2611.3491747841854)
     (2087.0794313830515 2286.5283190258115 2244.9589491450374
      1245.5304390658393 7114.7552692047975 788.87616001506285
      105.51164201126963 -574.39855560778415 -664.86681964871411
      -1162.888432172263 -1680.6148531850338 -2240.6627017320848
      -1691.55995258444 -2203.0230567941994 -2603.6584037798834
      -3051.5674343464552)
     (1075.8947796397003 1172.7017730806792 1032.5417930236863
      569.03472861020248 788.87616001506285 5830.2179672693919
      -58.785790771736984 -489.470500108986 -483.80420974587
      -811.197733755654 -1013.409315674149 -1403.0778696257566
      -1173.2487166251494 -1481.9459316333614 -1631.4399962465784
      -1922.8871374514788)
     (271.1879158694432 178.87022833630587 167.75383733593804
      -36.361162279849751 105.51164201126963 -58.785790771736984
      5299.3296989348046 -299.08729560995795 -223.32825659624663
      -498.16158479950229 -656.50168095398521 -822.35370353914652
      -698.68454531098473 -835.73974405025854 -876.23909932222637
      -1017.4104592538623)
     (-374.04785125905238 -675.05807016229971 -578.41179764857088
      -485.52266269271024 -574.39855560778415 -489.470500108986
      -299.08729560995795 5021.3557087742738 -163.42486460904394
      -149.73805195609569 -239.57432980919998 -166.74026185626994
      -230.22400809308112 -254.86795801073529 -184.17273945467636
      -156.61676189580942)
     (-774.12827897682951 -924.07048600332041 -904.21265752625368
      -658.07523800864192 -664.86681964871411 -483.80420974587
      -223.32825659624663 -163.42486460904394 4572.9495412051165
      -102.82327914119995 -133.99775469191917 -25.012115180668118
      39.074844049580264 79.53618798861207 125.07770378246298
      241.10568310293624)
     (-1453.6426122038995 -1688.5930618218326 -1593.509985369546
      -1199.7075274087788 -1162.888432172263 -811.197733755654
      -498.16158479950229 -149.73805195609569 -102.82327914119995
      4905.94692499948 384.95450996229033 498.515600672736 430.38103742520104
      631.08108536575014 773.5339916594005 1035.8491185439132)
     (-2149.5800972294528 -2368.8255670197559 -2294.6484388023691
      -1519.9373130349497 -1680.6148531850338 -1013.409315674149
      -656.50168095398521 -239.57432980919998 -133.99775469191917
      384.95450996229033 5437.2110005104914 1062.0836571580626
      829.6620102165723 1171.140768711711 1433.822068410982
      1738.2153354307093)
     (-2827.9604627883782 -3147.4232006216866 -2937.0144145999166
      -1921.0382790278929 -2240.6627017320848 -1403.0778696257566
      -822.35370353914652 -166.74026185626994 -25.012115180668118
      498.515600672736 1062.0836571580626 6314.4205702411373
      1307.478700638743 1697.3512650070481 2062.647580914725
      2548.7856343393473)
     (-2053.0673015456787 -2358.5406879375032 -2311.5746493977472
      -1499.5762049687453 -1691.55995258444 -1173.2487166251494
      -698.68454531098473 -230.22400809308112 39.074844049580264
      430.38103742520104 829.6620102165723 1307.478700638743
      4511.2674099314918 1287.7663335259085 1650.0599822756706
      1960.7857484001656)
     (-2720.7821414542168 -3047.436320325889 -2808.3542713637466
      -1733.1663918876961 -2203.0230567941994 -1481.9459316333614
      -835.73974405025854 -254.86795801073529 79.53618798861207
      631.08108536575014 1171.140768711711 1697.3512650070481
      1287.7663335259085 5275.0412388901805 2227.0639459838458
      2716.3349900470521)
     (-3206.736131223116 -3630.0260015210006 -3374.4751781449718
      -2215.3170171342135 -2603.6584037798834 -1631.4399962465784
      -876.23909932222637 -184.17273945467636 125.07770378246298
      773.5339916594005 1433.822068410982 2062.647580914725
      1650.0599822756706 2227.0639459838458 6148.2359890186435
      3301.6233047809442)
     (-3879.3878818108287 -4384.0799220543531 -4081.0300757398909
      -2611.3491747841854 -3051.5674343464552 -1922.8871374514788
      -1017.4104592538623 -156.61676189580942 241.10568310293624
      1035.8491185439132 1738.2153354307093 2548.7856343393473
      1960.7857484001656 2716.3349900470521 3301.6233047809442
      7561.62903269181)))))
 ((pools ((number_of_pools 4) (teams_per_pool 4) (multibracket ((4 0 0)))))
  ((samples 5500)
   (sums
    (2582.722015418291 3049.70956130101 2836.47807351092 1865.2345574366082
     1440.5591183640445 759.64235478705712 133.35927433232203
     -481.90117908497155 -313.53712839797481 -858.07301659741916
     -1342.7434180823927 -1670.1779660424349 -1433.2069512213975
     -1785.6689039059042 -2178.9306652683676 -2603.4657265493929))
   (prods
    ((2867.3704741097281 1199.1169922726331 1161.122759468645
      719.73182207790751 543.32563106183125 235.9169989412853
      -111.80159076658173 -357.62220685618809 -242.84539891280596
      -546.03980842896613 -771.55234411987033 -882.44078143420677
      -671.6953320422183 -832.8033596804944 -1071.3179151333668
      -1238.4659405573325)
     (1199.1169922726331 3696.0183591240461 1476.3276248748666
      929.97532543189629 530.22258481558038 244.68268507901064
      -96.350597158933155 -469.25574699383316 -330.43017052182034
      -645.76646748184692 -929.710712464469 -1060.3334024630917
      -821.71898046064382 -1019.737667509004 -1231.4850056772937
      -1471.5548208670966)
     (1161.122759468645 1476.3276248748666 3378.3425671895811
      817.94480179871618 655.89942238781384 266.78832938259154
      -64.114404401964052 -448.78365287645437 -336.47064655016783
      -662.95258293653433 -862.41940378543757 -1044.65755301811
      -822.26014798624942 -942.09533984892937 -1187.8628064859051
      -1384.8089672124636)
     (719.73182207790751 929.97532543189629 817.94480179871618
      2463.7083256177534 407.58444957629695 143.90594415822073
      -101.19563430306142 -323.73827406843952 -240.54819165050071
      -472.48403767131134 -636.59408106621333 -778.52257598728727
      -532.80581151129741 -695.26247706925176 -760.50034839230432
      -941.19923694112538)
     (543.32563106183125 530.22258481558038 655.89942238781384
      407.58444957629695 2124.9795780935315 71.869354956573531
      -122.15870220400508 -269.13000111508944 -148.80505446901796
      -288.69981546415619 -428.61108889304916 -480.86014222277538
      -486.991002952327 -588.90409938746961 -707.95441863955239
      -811.76669554418481)
     (235.9169989412853 244.68268507901064 266.78832938259154
      143.90594415822073 71.869354956573531 1711.7396796166624
      -93.539243320754139 -194.11139097646532 -112.10716693842646
      -162.86106455478506 -249.36098164030213 -308.7580579597111
      -300.54963987717031 -395.56235501258749 -421.1671698895683
      -436.88592196457444)
     (-111.80159076658173 -96.350597158933155 -64.114404401964052
      -101.19563430306142 -122.15870220400508 -93.539243320754139
      1692.6934706716393 -103.64156403853089 -50.102181642055967
      -84.160918372526424 -60.316348183543575 -130.79574008460321
      -178.75643505954568 -136.32324874543778 -208.30637443078879
      -151.13048795930757)
     (-357.62220685618809 -469.25574699383316 -448.78365287645437
      -323.73827406843952 -269.13000111508944 -194.11139097646532
      -103.64156403853089 1671.7772015327198 -3.9559369043438615
      63.341164246088447 96.5471981420545 55.578490840771252
      11.334434097513927 44.384312099327552 107.8980085554482
      119.37796431542048)
     (-242.84539891280596 -330.43017052182034 -336.47064655016783
      -240.54819165050071 -148.80505446901796 -112.10716693842646
      -50.102181642055967 -3.9559369043438615 1365.7961688523219
      -22.212900842858645 -53.327237439140958 24.607470442036067
      -27.735882939661089 32.145438572416623 73.007842039200952
      72.983848904824725)
     (-546.03980842896613 -645.76646748184692 -662.95258293653433
      -472.48403767131134 -288.69981546415619 -162.86106455478506
      -84.160918372526424 63.341164246088447 -22.212900842858645
      1541.710622718876 155.5959989459767 178.11040749118823
      159.3083811562912 197.9446021835962 270.08151000032854
      319.08490901063971)
     (-771.55234411987033 -929.710712464469 -862.41940378543757
      -636.59408106621333 -428.61108889304916 -249.36098164030213
      -60.316348183543575 96.5471981420545 -53.327237439140958
      155.5959989459767 1741.5181033349113 302.80513171975014
      274.77258587767193 398.3827080433872 487.97333612786065
      534.297135400414)
     (-882.44078143420677 -1060.3334024630917 -1044.65755301811
      -778.52257598728727 -480.86014222277538 -308.7580579597111
      -130.79574008460321 55.578490840771252 24.607470442036067
      178.11040749118823 302.80513171975014 1892.945482520629
      415.85991852676779 462.33983321389792 596.720205307729
      757.40131310701588)
     (-671.6953320422183 -821.71898046064382 -822.26014798624942
      -532.80581151129741 -486.991002952327 -300.54963987717031
      -178.75643505954568 11.334434097513927 -27.735882939661089
      159.3083811562912 274.77258587767193 415.85991852676779
      1419.0306706955325 441.70760168735137 509.08395443581168
      611.41568635217334)
     (-832.8033596804944 -1019.737667509004 -942.09533984892937
      -695.26247706925176 -588.90409938746961 -395.56235501258749
      -136.32324874543778 44.384312099327552 32.145438572416623
      197.9446021835962 398.3827080433872 462.33983321389792
      441.70760168735137 1593.9525558948023 657.95367246742194
      781.8778230909719)
     (-1071.3179151333668 -1231.4850056772937 -1187.8628064859051
      -760.50034839230432 -707.95441863955239 -421.1671698895683
      -208.30637443078879 107.8980085554482 73.007842039200952
      270.08151000032854 487.97333612786065 596.720205307729
      509.08395443581168 657.95367246742194 1893.0277563500053
      992.84775336497341)
     (-1238.4659405573325 -1471.5548208670966 -1384.8089672124636
      -941.19923694112538 -811.76669554418481 -436.88592196457444
      -151.13048795930757 119.37796431542048 72.983848904824725
      319.08490901063971 534.297135400414 757.40131310701588
      611.41568635217334 781.8778230909719 992.84775336497341
      2246.525637499652)))))
 ((pools
   ((number_of_pools 8) (teams_per_pool 2) (multibracket ((16 0 0 0 0)))))
  ((samples 1300)
   (sums
    (590.982444436775 620.865163051031 549.314452486981 303.32054198481649
     407.18918671198549 183.67418303079569 77.309320405840822
     -46.634080627786055 44.194300668635705 -67.219093053822789
     -177.34676835327741 -304.14001959694787 -397.31839957756097
     -512.37433811142887 -571.15461021143244 -700.66228324460508))
   (prods
    ((655.46775259035167 227.95958573513053 183.89522913040844
      65.001180995532877 152.77160136910612 58.15972903283955
      -4.0216807439069084 -56.922311971000155 1.5455678432242186
      -44.078886163111576 -85.821159637799553 -153.28759973730607
      -187.99973740807462 -246.23247156644567 -252.45469975992583
      -313.98209970902303)
     (227.95958573513053 738.34610482079074 241.2213336558753
      97.74900324968884 153.0119945372021 26.687717737873321
      -4.6074408809718763 -59.078889217396153 -7.3236028121850847
      -50.827025763357383 -94.501481874651176 -151.61974146126607
      -203.05587867337817 -263.23911828912907 -285.50405898421275
      -365.21850178001318)
     (183.89522913040844 241.2213336558753 676.62767810540277
      105.99042243890017 135.92365847762883 47.519136695787388
      -9.898810910229173 -67.882703985842653 1.1071150094510163
      -58.995654890428114 -95.543491532150426 -160.966915586309
      -186.34303878348302 -247.32489567492411 -263.7267534834707
      -301.60230866661675)
     (65.001180995532877 97.74900324968884 105.99042243890017
      510.27675733988804 82.548916766266089 23.331053609155525
      5.932278904314483 -32.442538626050656 -12.419293037681202
      -40.548916144022144 -65.03505111418616 -107.10026420752747
      -116.59977018251892 -146.09434449882343 -171.76955108568822
      -198.81988440724774)
     (152.77160136910612 153.0119945372021 135.92365847762883
      82.548916766266089 515.01590239172231 29.756420101047851
      23.200578729590944 -45.845063458596485 -0.94872908591709759
      -49.332532074944027 -76.398041011081517 -127.74909499082563
      -150.76199932715602 -200.49643229159551 -200.81186158534229
      -239.88531854710573)
     (58.15972903283955 26.687717737873321 47.519136695787388
      23.331053609155525 29.756420101047851 386.75565421350063
      -13.932340816537852 -20.098066118821535 0.077681492577981626
      -22.702256331656869 -50.982085170089462 -57.100705749264947
      -81.691127596825567 -89.573217452869727 -112.26284833368702
      -123.94474531302932)
     (-4.0216807439069084 -4.6074408809718763 -9.898810910229173
      5.932278904314483 23.200578729590944 -13.932340816537852
      377.753476166684 -22.310011875394384 -28.14026892010676
      -33.963269235847214 -33.955039751208695 -59.354977403365893
      -61.787737269533693 -31.35186915396417 -49.811052250674216
      -53.751834588848631)
     (-56.922311971000155 -59.078889217396153 -67.882703985842653
      -32.442538626050656 -45.845063458596485 -20.098066118821535
      -22.310011875394384 373.67210502374 -9.5084403334868082
      -9.70332853807272 -6.297270543847576 -16.499282233536039
      -10.214487880958377 -10.945995969226281 -1.1254036145771509
      -4.7983106569330571)
     (1.5455678432242186 -7.3236028121850847 1.1071150094510163
      -12.419293037681202 -0.94872908591709759 0.077681492577981626
      -28.14026892010676 -9.5084403334868082 299.0189515544925
      -6.7450204169313537 -30.450710968096068 -21.16882670068016
      -45.254394916108112 -52.7149474622892 -41.054920515071935
      -46.020160731191872)
     (-44.078886163111576 -50.827025763357383 -58.995654890428114
      -40.548916144022144 -49.332532074944027 -22.702256331656869
      -33.963269235847214 -9.70332853807272 -6.7450204169313537
      292.28586969177064 -4.7279448841335556 5.8273230797685063
      1.9380344711704613 -1.4953930502055843 8.8733312938300237
