(((pools
   ((number_of_pools 2) (teams_per_pool 5)
    (multibracket ((4 6 0 0 0) (1) (2 0)))))
  ((samples 5300)
   (sums
    (2446.6883855086971 2107.4773782356497 897.25402170436939
     1253.4252080893209 269.20206052799756 -414.77116666236651
     -1192.508787711063 -1871.4095004484905 -1469.9066483678669
     -2025.4509508762444))
   (prods
    ((2646.6252194543276 650.21558077853547 26.830415098123652
      401.34612638538067 -59.013638059798424 -302.44375439572894
      -727.71147265856723 -961.098451876647 -702.89507563434836
      -971.85494909127726)
     (650.21558077853547 2555.1122475485545 126.54484164269627
      339.07146432382024 -99.506513617034045 -378.500701102944
      -684.12339800834866 -956.27622755288235 -685.28396342598637
      -867.25333058641013)
     (26.830415098123652 126.54484164269627 1795.2278891846122
      150.80301289228086 -109.35961824562028 -270.47825703815118
      -415.77560061788063 -494.89146819054457 -384.33891750205174
      -424.56229722346455)
     (401.34612638538067 339.07146432382024 150.80301289228086
      1570.9893894055062 -52.284028800105986 -282.11544802849158
      -474.86193215649234 -636.75038646056919 -448.05701259198651
      -568.14118496934134)
     (-59.013638059798424 -99.506513617034045 -109.35961824562028
      -52.284028800105986 1404.3597995584496 -176.27245203778972
      -206.50251016207397 -311.54943885560226 -180.8771421088598
      -208.9944576715657)
     (-302.44375439572894 -378.500701102944 -270.47825703815118
      -282.11544802849158 -176.27245203778972 1370.2830920124748
      -6.56492783618274 -12.854910877450195 -4.46787832117343
      63.4152376254378)
     (-727.71147265856723 -684.12339800834866 -415.77560061788063
      -474.86193215649234 -206.50251016207397 -6.56492783618274
      1650.4383186096063 313.40288455955658 234.77799890987947
      316.92063936050346)
     (-961.098451876647 -956.27622755288235 -494.89146819054457
      -636.75038646056919 -311.54943885560226 -12.854910877450195
      313.40288455955658 2004.7892773366925 439.947862077528
      615.28085983991684)
     (-702.89507563434836 -685.28396342598637 -384.33891750205174
      -448.05701259198651 -180.8771421088598 -4.46787832117343
      234.77799890987947 439.947862077528 1253.1353658403075
      478.05876275669084)
     (-971.85494909127726 -867.25333058641013 -424.56229722346455
      -568.14118496934134 -208.9944576715657 63.4152376254378
      316.92063936050346 615.28085983991684 478.05876275669084
      1567.1307199595094)))))
 ((pools
   ((number_of_pools 2) (teams_per_pool 5)
    (multibracket ((8 0 2 0 0) (1) (2 0)))))
  ((samples 5300)
   (sums
    (2278.0790017339973 1869.5281633952309 680.32583495877725
     1043.7375875734626 482.80880970231175 -377.51033857818226
     -511.47007064836771 -1163.3048729738903 -1812.4544310754036
     -2489.7396840879373))
   (prods
    ((2406.1077923783946 418.69290062233165 -103.88168987038361
      275.09521477427506 95.2886079250789 -282.53961701113934
      -269.22462845253216 -572.2977697231014 -836.9407566320167
      -1130.3000540109058)
     (418.69290062233165 2364.5720779772259 -125.18595745079111
      153.15122282592412 -3.2408349972559805 -274.81346047087561
      -309.43430989382597 -497.32475535256026 -752.26788245087209
      -974.14900080930033)
     (-103.88168987038361 -125.18595745079111 1744.4006752872415
      45.401350521951947 -85.80345337747957 -208.38550459990984
      -186.02182239429897 -266.86871420711515 -364.76008096785841
      -448.89480294135484)
     (275.09521477427506 153.15122282592412 45.401350521951947
      1523.9577462839636 -19.194052227073929 -225.81979187597321
      -235.80987269557841 -370.52523415672061 -510.41511230838472
      -635.84147114238442)
     (95.2886079250789 -3.2408349972559805 -85.80345337747957
      -19.194052227073929 1249.5926890403073 -168.47758759273154
      -136.72624354625418 -260.47636950378643 -294.68391775638821
      -376.27883796441591)
     (-282.53961701113934 -274.81346047087561 -208.38550459990984
      -225.81979187597321 -168.47758759273154 1254.4490457221698
      -78.489492045348314 -41.313539152819438 -3.061191742640732
      28.451138769268312)
     (-269.22462845253216 -309.43430989382597 -186.02182239429897
      -235.80987269557841 -136.72624354625418 -78.489492045348314
      1062.1621407029097 12.732217784931994 41.774481601588796
      99.037528938407036)
     (-572.2977697231014 -497.32475535256026 -266.86871420711515
      -370.52523415672061 -260.47636950378643 -41.313539152819438
      12.732217784931994 1266.7789721521651 293.29070417951885
      436.00448797948769)
     (-836.9407566320167 -752.26788245087209 -364.76008096785841
      -510.41511230838472 -294.68391775638821 -3.061191742640732
      41.774481601588796 293.29070417951885 1649.9914642486024
      777.07229182845219)
     (-1130.3000540109058 -974.14900080930033 -448.89480294135484
      -635.84147114238442 -376.27883796441591 28.451138769268312
      99.037528938407036 436.00448797948769 777.07229182845219
      2224.898719352746)))))
 ((pools
   ((number_of_pools 2) (teams_per_pool 5)
    (multibracket ((4 2 2 0 0) (1) (2 0)))))
  ((samples 5300)
   (sums
    (2250.7632517805609 1814.0306364456969 698.69023087151618
     950.62624080298428 354.90827948041817 -410.986576447901
     -627.16197829541125 -1341.4039371246827 -1538.9505796643994
     -2150.5155678487827))
   (prods
    ((2364.0910479920426 370.09429076783255 -63.366787390282575
      252.96766866377965 17.567255057078459 -311.45829821042469
      -358.37257167857121 -646.82197286151393 -673.45611467474623
      -951.24451766519257)
     (370.09429076783255 2302.2270937688218 -75.451135389626074
      80.4812046615734 -65.038253873941528 -308.74928052875276
      -326.59393386861387 -538.48441862864172 -633.26644111477685
      -805.21912579387492)
     (-63.366787390282575 -75.451135389626074 1694.5408254177353
      -0.18630577202206777 -135.19878031788792 -225.01936749346916
      -198.1796664055652 -337.35036861060445 -290.35751603749191
      -369.430898000785)
     (252.96766866377965 80.4812046615734 -0.18630577202206777
      1480.0651216380979 -57.794202674773459 -240.02344101276637
      -242.685851467028 -387.66652028870237 -378.50202133502842
      -506.65565241312947)
     (17.567255057078459 -65.038253873941528 -135.19878031788792
      -57.794202674773459 1298.7361530291614 -187.33434301715005
      -161.95457943516564 -213.3411688873764 -243.74397610508362
      -251.89810377486168)
     (-311.45829821042469 -308.74928052875276 -225.01936749346916
      -240.02344101276637 -187.33434301715005 1281.418376234642
      -61.217297177584221 -5.4893256098747045 -6.05393343876291
      63.926910254143088)
     (-358.37257167857121 -326.59393386861387 -198.1796664055652
      -242.685851467028 -161.95457943516564 -61.217297177584221
      1081.5336633659449 81.818670557557624 66.022828016590566
      119.62873809243527)
     (-646.82197286151393 -538.48441862864172 -337.35036861060445
      -387.66652028870237 -213.3411688873764 -5.4893256098747045
      81.818670557557624 1322.0379475741433 306.17174080360724
      419.1254159514051)
     (-673.45611467474623 -633.26644111477685 -290.35751603749191
      -378.50202133502842 -243.74397610508362 -6.05393343876291
      66.022828016590566 306.17174080360724 1332.9857020227696
      520.19973186292168)
     (-951.24451766519257 -805.21912579387492 -369.430898000785
      -506.65565241312947 -251.89810377486168 63.926910254143088
      119.62873809243527 419.1254159514051 520.19973186292168
      1761.5675014869396)))))
 ((pools
   ((number_of_pools 2) (teams_per_pool 5)
    (multibracket ((8 0 0 0) (4 0 3 0)))))
  ((samples 5300)
   (sums
    (2533.4483528280061 1856.76535478997 570.77852528742471 837.843395489916
     -34.07380925930461 -311.54871692161146 -562.19281461456683
     -1209.1740503082594 -1534.4980577080366 -2147.3481795835346))
   (prods
    ((2797.5833513754242 482.386880926333 -125.50184993326492
      213.04390820425147 -195.60551360326173 -306.27006984681248
      -333.78284021348861 -666.26352667478727 -786.88996041859377
      -1078.700379815798)
     (482.386880926333 2426.3668647224872 -192.48089422114282
      99.030650592276473 -253.80758852741971 -260.463204881381
      -358.29367258942995 -504.56476450188569 -624.46258551639528
      -813.71168600344254)
     (-125.50184993326492 -192.48089422114282 1729.07148149139
      -68.278664786648008 -160.94069234632809 -141.94164845519214
      -185.47869762601397 -248.82421342537464 -270.25319319814861
      -335.3716274992766)
     (213.04390820425147 99.030650592276473 -68.278664786648008
      1523.596650123822 -168.28216094454356 -215.84528392043558
      -243.46287626686049 -315.60731180255323 -380.01737221823248
      -444.17753898107674)
     (-195.60551360326173 -253.80758852741971 -160.94069234632809
      -168.28216094454356 1336.4199914931442 -138.076597291137
      -118.14627049046824 -134.3836607938668 -73.968606042752967
      -93.2089014533652)
     (-306.27006984681248 -260.463204881381 -141.94164845519214
      -215.84528392043558 -138.076597291137 1163.7479889423792
      -9.3700029702130436 -63.471812280718424 -26.982147458874863
      -1.3272218376146983)
     (-333.78284021348861 -358.29367258942995 -185.47869762601397
      -243.46287626686049 -118.14627049046824 -9.3700029702130436
      1081.5848669998552 6.446669926440233 49.357583718311517
      111.14523951186756)
     (-666.26352667478727 -504.56476450188569 -248.82421342537464
      -315.60731180255323 -134.3836607938668 -63.471812280718424
      6.446669926440233 1288.4187122899075 263.86756870565137
      374.38233855718653)
     (-786.88996041859377 -624.46258551639528 -270.25319319814861
      -380.01737221823248 -73.968606042752967 -26.982147458874863
      49.357583718311517 263.86756870565137 1322.0564434074645
      527.29226902157041)
     (-1078.700379815798 -813.71168600344254 -335.3716274992766
      -444.17753898107674 -93.2089014533652 -1.3272218376146983
      111.14523951186756 374.38233855718653 527.29226902157041
      1753.6775084999495)))))
 ((pools
   ((number_of_pools 2) (teams_per_pool 5)
    (multibracket ((8 0 0 0) (1) (4 2 0 0)))))
  ((samples 5300)
   (sums
    (2459.2209910258471 2067.5428648307384 262.37834735347337
     688.7414116275263 455.62645769181057 -410.45318989536185
     -553.50397437971912 -1247.8277474214497 -1542.6699154220198
     -2179.0552454108465))
   (prods
    ((2662.5405478817856 628.08037765088091 -378.64484917560986
      108.67887810768156 54.882898256573924 -311.99820140418666
      -325.57442835462837 -619.74740465812681 -750.57955871205945
      -1067.6382595923105)
     (628.08037765088091 2538.8888664716715 -245.98165732603684
      24.470501443227924 1.9714022373307589 -381.34484866414817
      -336.74941205396772 -603.96188740339358 -671.349288835936
      -954.02405351962693)
     (-378.64484917560986 -245.98165732603684 1708.83093116136
      -88.51032807560162 -97.120428052466082 -172.7710640088338
      -156.16186717468148 -192.71818979118885 -160.32081409175444
      -216.60173346518656)
     (108.67887810768156 24.470501443227924 -88.51032807560162
      1377.2998739671016 -58.289779238940255 -187.67686771096635
      -191.0887116549753 -305.00163657390232 -312.091824018643
      -367.7901062449825)
     (54.882898256573924 1.9714022373307589 -97.120428052466082
      -58.289779238940255 1230.9835102637348 -191.26929626749833
      -141.53227127025207 -207.14912696212662 -275.599382444073
      -316.87752652228335)
     (-311.99820140418666 -381.34484866414817 -172.7710640088338
      -187.67686771096635 -191.26929626749833 1283.6331042899883
      -35.434573922917231 -34.836709172724568 -18.637910154582645
      50.336367015869826)
     (-325.57442835462837 -336.74941205396772 -156.16186717468148
      -191.0887116549753 -141.53227127025207 -35.434573922917231
      1045.5129062784304 -0.3565455161632578 46.740308381163871
      94.6445952879906)
     (-619.74740465812681 -603.96188740339358 -192.71818979118885
      -305.00163657390232 -207.14912696212662 -34.836709172724568
      -0.3565455161632578 1282.5828179222267 267.40953007888595
      413.77915207651284)
     (-750.57955871205945 -671.349288835936 -160.32081409175444
      -312.091824018643 -275.599382444073 -18.637910154582645
      46.740308381163871 267.40953007888595 1325.5753720281064
      548.85356776889273)
     (-1067.6382595923105 -954.02405351962693 -216.60173346518656
      -367.7901062449825 -316.87752652228335 50.336367015869826
      94.6445952879906 413.77915207651284 548.85356776889273
      1815.3179971951245)))))
 ((pools
   ((number_of_pools 2) (teams_per_pool 5)
    (multibracket ((8 0 0 0) (1) (2 0)))))
  ((samples 5300)
   (sums
    (2577.0972282029447 2142.3103229728267 854.43045359914936
     1225.2080246086118 275.619687582443 -435.882635342456 -1195.909483988371
     -1817.9072801041966 -1504.4355095466135 -2120.5308079843421))
   (prods
    ((2832.141458672224 729.085130433629 62.760721389155989
      468.74749387150126 -60.4513738037036 -396.12366198865755
      -741.18377700916551 -1071.0429486046366 -761.91410442691517
      -1062.0189385334311)
     (729.085130433629 2629.0358245140173 46.7943464050426 365.43694394238105
      -119.49863607361786 -383.83413037361868 -704.72788072770243
      -926.45122489159394 -700.46250761339184 -935.37786561514474)
     (62.760721389155989 46.7943464050426 1790.5974750995292
      132.72551270323464 -116.6132528155668 -261.10429456422338
      -377.56451439676766 -474.36969519092452 -338.8062740532
      -464.42002457627956)
     (468.74749387150126 365.43694394238105 132.72551270323464
      1552.016855654145 -67.359606052941615 -271.49467812990952
      -465.10435912639014 -610.95617206883026 -468.164260744566
      -635.84773004862461)
     (-60.4513738037036 -119.49863607361786 -116.6132528155668
      -67.359606052941615 1440.6349001362735 -164.89273482729112
      -200.76611850705677 -268.13506464918686 -195.29209106912353
      -247.62602233778608)
     (-396.12366198865755 -383.83413037361868 -261.10429456422338
      -271.49467812990952 -164.89273482729112 1411.4255262415923
      -0.12017812707785946 2.5309529328614566 15.022364543528125
      48.590834292797119)
     (-741.18377700916551 -704.72788072770243 -377.56451439676766
      -465.10435912639014 -200.76611850705677 -0.12017812707785946
      1627.4605621896105 281.25463659490572 202.17040691404554
      378.58122219559812)
     (-1071.0429486046366 -926.45122489159394 -474.36969519092452
      -610.95617206883026 -268.13506464918686 2.5309529328614566
      281.25463659490572 1978.085049767928 435.056775515726
      654.02769059375169)
     (-761.91410442691517 -700.46250761339184 -338.8062740532
      -468.164260744566 -195.29209106912353 15.022364543528125
      202.17040691404554 435.056775515726 1295.4903297322417
      516.89936120165521)
     (-1062.0189385334311 -935.37786561514474 -464.42002457627956
      -635.84773004862461 -247.62602233778608 48.590834292797119
      378.58122219559812 654.02769059375169 516.89936120165521
      1747.1914728274655)))))
 ((pools
   ((number_of_pools 2) (teams_per_pool 5)
    (multibracket ((4 2 0 0) (4 2 0 3 0)))))
  ((samples 5300)
   (sums
    (2401.2480305206554 1855.38348847895 383.17567015114764
     877.10242740508261 -25.626261820952312 -324.52458738798919
     -479.81069995422723 -1177.0253044067122 -1443.307031657891
     -2066.6157313280628))
   (prods
    ((2560.41768215695 450.80442752068819 -244.66529246196453
      240.01356630030531 -178.46844509113231 -264.1749098792875
      -269.48885324821896 -605.45378704477753 -690.02867446200742
      -998.955713790554)
     (450.80442752068819 2309.6272359483009 -246.10196301132945
      95.610979584034936 -202.29780303035687 -254.66134739521553
      -262.12283872947614 -503.34718551132164 -592.80918296006564
      -794.70232241525832)
     (-244.66529246196453 -246.10196301132945 1723.4732956843955
      -100.52222886934017 -162.22933790862388 -176.96246740173973
      -155.27070139636533 -219.01260874607053 -183.16261299671078
      -235.54608289225044)
     (240.01356630030531 95.610979584034936 -100.52222886934017
      1485.0542290399617 -169.40470917558414 -195.34205872363151
      -237.00975889483186 -322.10922853906766 -329.3207669218138
      -466.97002380003221)
     (-178.46844509113231 -202.29780303035687 -162.22933790862388
      -169.40470917558414 1275.1911407875277 -117.43685727141259
      -126.58897243373218 -88.0338908208224 -115.22423137334818
      -115.50689368251489)
     (-264.1749098792875 -254.66134739521553 -176.96246740173973
      -195.34205872363151 -117.43685727141259 1105.0101997963063
      -45.184577761985629 -60.75286220103461 -15.444880006374634
      24.949760844375582)
     (-269.48885324821896 -262.12283872947614 -155.27070139636533
      -237.00975889483186 -126.58897243373218 -45.184577761985629
      1018.6560934536286 -6.1370900426103887 16.240832065075264
      66.905866988516777)
     (-605.45378704477753 -503.34718551132164 -219.01260874607053
      -322.10922853906766 -88.0338908208224 -60.75286220103461
      -6.1370900426103887 1198.9716605930673 235.87941573660407
      369.99557657603276)
     (-690.02867446200742 -592.80918296006564 -183.16261299671078
      -329.3207669218138 -115.22423137334818 -15.444880006374634
      16.240832065075264 235.87941573660407 1191.9960129151341
      481.87408800350744)
     (-998.955713790554 -794.70232241525832 -235.54608289225044
      -466.97002380003221 -115.50689368251489 24.949760844375582
      66.905866988516777 369.99557657603276 481.87408800350744
      1667.9557441681777)))))
 ((pools
   ((number_of_pools 2) (teams_per_pool 5)
    (multibracket ((4 2 0 0) (4 4 1 0)))))
  ((samples 5300)
   (sums
    (2412.1841909196173 1844.8238881837008 474.80721055066192
     968.7988504838894 62.502833800589663 12.310563437766252
     -764.14207189563649 -1448.5534716088905 -1481.6000779407054
     -2081.1319159309919))
   (prods
    ((2602.7595566587952 419.58718013881713 -221.86952538596168
      271.833346967613 -92.45157671587998 -73.169056796905124
      -424.41804533641596 -756.31421438150323 -721.99171921869947
      -1003.9659459298578)
     (419.58718013881713 2334.6560726635062 -162.12809022551409
      154.78213670383511 -205.15430278935622 -147.17708253065865
      -415.42547750690323 -600.20592815034945 -578.038642327816
      -800.89586597556013)
     (-221.86952538596168 -162.12809022551409 1771.7550289868198
      -87.734082276957437 -178.41956432760796 -148.82880469664832
      -227.06068602455042 -289.83245890493657 -199.38188884220645
      -256.49992830243644)
     (271.833346967613 154.78213670383511 -87.734082276957437
      1477.3771823069376 -137.82269782750566 -88.993002453030414
      -292.83046990558455 -430.69310997858332 -383.67763909057192
      -482.24166444615287)
     (-92.45157671587998 -205.15430278935622 -178.41956432760796
      -137.82269782750566 1307.3738674429342 -101.77514747448686
      -139.60394502899391 -148.03726744175106 -161.20815578117021
      -142.90121005618263)
     (-73.169056796905124 -147.17708253065865 -148.82880469664832
      -88.993002453030414 -101.77514747448686 1091.8275918617194
      -100.94586006960466 -160.93122461656338 -129.74673998793881
      -140.2606732358835)
     (-424.41804533641596 -415.42547750690323 -227.06068602455042
      -292.83046990558455 -139.60394502899391 -100.94586006960466
      1206.2182240278667 113.2943388773715 96.659314016087009
      184.11260695072761)
     (-756.31421438150323 -600.20592815034945 -289.83245890493657
      -430.69310997858332 -148.03726744175106 -160.93122461656338
      113.2943388773715 1469.8926214234498 326.97165613247137
      475.85558704039352)
     (-721.99171921869947 -578.038642327816 -199.38188884220645
      -383.67763909057192 -161.20815578117021 -129.74673998793881
      96.659314016087009 326.97165613247137 1243.2752966292537
      507.13851847059061)
     (-1003.9659459298578 -800.89586597556013 -256.49992830243644
      -482.24166444615287 -142.90121005618263 -140.2606732358835
      184.11260695072761 475.85558704039352 507.13851847059061
      1659.6585754843627)))))
 ((pools
   ((number_of_pools 2) (teams_per_pool 5)
    (multibracket ((4 2 0 0) (4 0 3 0)))))
  ((samples 5300)
   (sums
    (2385.3290551010127 1787.5930231198461 513.69129081647918
     847.331918017555 -79.8848961056224 -207.3210395590815 -501.7057910141985
     -1071.4641579431311 -1541.8191859232322 -2131.7502165096262))
   (prods
    ((2550.6144680687153 350.40277163042242 -154.84060391631468
      200.64423275011842 -200.76619320831065 -210.80666734010023
      -283.68554892101662 -511.32926512911968 -725.47393163115157
      -1014.7592623032408)
     (350.40277163042242 2327.3056467135639 -164.35184433022158
      69.548113383508934 -237.52056171030466 -182.72349960668976
      -306.31584458216986 -428.87204597454104 -618.44057109481241
      -809.03216442875419)
     (-154.84060391631468 -164.35184433022158 1715.2474307263496
      -80.860424152003162 -200.13206075118498 -182.63843787418998
      -172.32956160738436 -221.39502686339063 -239.38628496321314
      -299.31318626844677)
     (200.64423275011842 69.548113383508934 -80.860424152003162
      1480.0651666718909 -166.01073041652398 -140.17951082237056
      -225.56523229268714 -309.74567155343675 -375.97486616799881
      -451.92107740049767)
     (-200.76619320831065 -237.52056171030466 -200.13206075118498
      -166.01073041652398 1344.8600088798719 -128.8649081004011
      -125.29745265936177 -102.76694042877421 -97.196294239814122
      -86.3048673651968)
     (-210.80666734010023 -182.72349960668976 -182.63843787418998
      -140.17951082237056 -128.8649081004011 1078.0970496188932
      -28.463804162333091 -82.424809737267637 -73.929462822059378
      -48.0659491534815)
     (-283.68554892101662 -306.31584458216986 -172.32956160738436
      -225.56523229268714 -125.29745265936177 -28.463804162333091
      1009.1667123361003 -7.8236608483022092 46.898571951671343
      93.415820785482538)
     (-511.32926512911968 -428.87204597454104 -221.39502686339063
      -309.74567155343675 -102.76694042877421 -82.424809737267637
      -7.8236608483022092 1093.94435698897 223.22040214068215
      347.19266140517971)
     (-725.47393163115157 -618.44057109481241 -239.38628496321314
      -375.97486616799881 -97.196294239814122 -73.929462822059378
      46.898571951671343 223.22040214068215 1337.4680290904814
      522.81440773621512)
     (-1014.7592623032408 -809.03216442875419 -299.31318626844677
      -451.92107740049767 -86.3048673651968 -48.0659491534815
      93.415820785482538 347.19266140517971 522.81440773621512
      1745.9736169927405)))))
 ((pools
   ((number_of_pools 2) (teams_per_pool 5)
    (multibracket ((4 2 0 0) (6 1 0)))))
  ((samples 5300)
   (sums
    (2338.7553042132949 1919.0248798193193 505.42927954577726
     936.08924753047927 75.974044633677892 76.135781643107151
     -755.58966117282409 -1410.0744695627698 -1531.7067834563518
     -2154.0376231937103))
   (prods
    ((2479.0024131808891 390.14681769804309 -163.12763362301828
      267.42187552908655 -108.56750148143456 -63.708453382468932
      -388.39590277810407 -706.13433512953407 -716.40529547268534
      -990.2319845407718)
     (390.14681769804309 2440.1061991551696 -146.59259509628586
      158.6606936791519 -196.62215519224557 -62.889898371658958
      -408.02520321413294 -658.03783851913727 -627.81351621466922
      -888.93250392423352)
     (-163.12763362301828 -146.59259509628586 1707.1636644200141
      -127.46104999239161 -149.9109336252539 -110.22273611814215
      -228.14338675579654 -266.51881529350936 -231.90111131104464
      -283.2854026045718)
     (267.42187552908655 158.6606936791519 -127.46104999239161
      1483.1666872227768 -137.37368419043986 -79.647654925381346
      -266.40994924795905 -397.4767905636939 -399.99956574027533
      -500.88056177087446)
     (-108.56750148143456 -196.62215519224557 -149.9109336252539
      -137.37368419043986 1284.8682450466224 -105.37997990614372
      -158.17258955756228 -151.24476311591391 -118.40662109291215
      -159.1900168847161)
     (-63.708453382468932 -62.889898371658958 -110.22273611814215
      -79.647654925381346 -105.37997990614372 1048.6108514121818
      -124.43053553240308 -167.56187465062879 -156.21749494024002
      -178.5522235851148)
     (-388.39590277810407 -408.02520321413294 -228.14338675579654
      -266.40994924795905 -158.17258955756228 -124.43053553240308
      1191.64301984141 90.106002216569522 93.578484747738855
      198.25006028024035)
     (-706.13433512953407 -658.03783851913727 -266.51881529350936
      -397.4767905636939 -151.24476311591391 -167.56187465062879
      90.106002216569522 1424.3080176378555 320.59632418337605
      511.96407323461506)
     (-716.40529547268534 -627.81351621466922 -231.90111131104464
      -399.99956574027533 -118.40662109291215 -156.21749494024002
      93.578484747738855 320.59632418337605 1310.2925300982279
      526.27626574248336)
     (-990.2319845407718 -888.93250392423352 -283.2854026045718
      -500.88056177087446 -159.1900168847161 -178.5522235851148
      198.25006028024035 511.96407323461506 526.27626574248336
      1764.5822940529442)))))
 ((pools
   ((number_of_pools 2) (teams_per_pool 5)
    (multibracket ((4 2 0 0) (2 3 0)))))
  ((samples 5300)
   (sums
    (2371.6225309078263 2040.677446369607 586.06949154158576
     1066.436567321887 182.6223844646438 241.28388644985068
     -1042.731053712281 -1755.7703127812817 -1544.6461304324491
     -2145.5648101293864))
   (prods
    ((2524.8931539366886 524.96235308089649 -169.16975025034947
      350.88029665531775 -25.362737511553359 41.924459335713678
      -582.40325787344091 -935.01018557886971 -759.38310703892353
      -971.33122475547884)
     (524.96235308089649 2542.0151122282809 -117.326515504624
      259.16240303762572 -121.99598469935542 -23.258953653246213
      -596.83472565501825 -865.0416830991619 -688.02354665627365
      -913.6584590791241)
     (-169.16975025034947 -117.326515504624 1759.6835495859505
      -16.794008644119682 -124.0091388388792 -73.382636446659291
      -330.76115611814527 -362.62154343448117 -244.74209523342981
      -320.87670511526295)
     (350.88029665531775 259.16240303762572 -16.794008644119682
      1528.6525893214525 -139.35048817226186 -19.214233780311623
      -372.98021358669166 -570.338327018714 -466.10031482258154
      -553.91770298971483)
     (-25.362737511553359 -121.99598469935542 -124.0091388388792
      -139.35048817226186 1247.4066651027129 -61.801802965619316
      -190.97032794363577 -187.31868513206933 -172.13744318882169
      -224.46005665051678)
     (41.924459335713678 -23.258953653246213 -73.382636446659291
      -19.214233780311623 -61.801802965619316 958.15315176900276
      -156.43130954981797 -219.40964179248471 -213.47481067341229
      -233.10422224316483)
     (-582.40325787344091 -596.83472565501825 -330.76115611814527
      -372.98021358669166 -190.97032794363577 -156.43130954981797
      1472.43876168045 227.94996162731144 222.30571438230186
      307.6865530366872)
     (-935.01018557886971 -865.0416830991619 -362.62154343448117
      -570.338327018714 -187.31868513206933 -219.40964179248471
      227.94996162731144 1858.1342760300306 433.52146205188944
      620.13436634654852)
     (-759.38310703892353 -688.02354665627365 -244.74209523342981
      -466.10031482258154 -172.13744318882169 -213.47481067341229
      222.30571438230186 433.52146205188944 1350.2993616248402
      537.7347795544099)
     (-971.33122475547884 -913.6584590791241 -320.87670511526295
      -553.91770298971483 -224.46005665051678 -233.10422224316483
      307.6865530366872 620.13436634654852 537.7347795544099
      1751.7926718956164)))))
 ((pools
   ((number_of_pools 2) (teams_per_pool 5)
    (multibracket ((4 2 0 0) (1) (4 2 2 0 0)))))
  ((samples 5300)
   (sums
    (2326.4841355936856 1953.6412761646866 289.79043448987227
     693.4566776465789 342.54550517876521 -462.13783870759949
     -498.70675460156372 -1176.3263167801836 -1413.6020813727205
     -2055.14503761152))
   (prods
    ((2451.2876857646156 471.41969253260828 -327.2069547432742
      146.45759949769419 33.85181862983363 -305.35053105307941
      -270.46846795495372 -564.009421617267 -661.11910141140447
      -974.86231964477076)
     (471.41969253260828 2421.2589480243573 -258.50489875619735
      5.1897733903803251 -71.143742281215722 -356.00898582152138
      -274.34566403536473 -518.89539619130846 -588.06342925083607
      -830.9062976109019)
     (-327.2069547432742 -258.50489875619735 1607.9489909189897
      -84.591721026560009 -109.16030385958986 -187.32648667440009
      -156.71096220714418 -157.75424514982936 -162.10331215977652
      -164.59010634221823)
     (146.45759949769419 5.1897733903803251 -84.591721026560009
      1376.2423608731165 -88.530672383892 -214.45538811236909
      -201.98766369765337 -309.20993158426836 -274.82175803941271
      -354.292598917036)
     (33.85181862983363 -71.143742281215722 -109.16030385958986
      -88.530672383892 1224.2237469499132 -157.07603236905862
      -148.96247181825856 -222.72630568428269 -208.1442428752998
      -252.33179430814997)
     (-305.35053105307941 -356.00898582152138 -187.32648667440009
      -214.45538811236909 -157.07603236905862 1229.5463467435272
      -47.304238627878384 -21.232387593672463 18.271400804674716
      40.936302703777535)
     (-270.46846795495372 -274.34566403536473 -156.71096220714418
      -201.98766369765337 -148.96247181825856 -47.304238627878384
      1005.6375614651179 -1.3528458500950096 25.066204105464564
      70.428548620765866)
     (-564.009421617267 -518.89539619130846 -157.75424514982936
      -309.20993158426836 -222.72630568428269 -21.232387593672463
      -1.3528458500950096 1197.3861159062508 224.0836926741861
      373.71072509028659)
     (-661.11910141140447 -588.06342925083607 -162.10331215977652
      -274.82175803941271 -208.1442428752998 18.271400804674716
      25.066204105464564 224.0836926741861 1159.4777924285158
      467.35275372388787)
     (-974.86231964477076 -830.9062976109019 -164.59010634221823
      -354.292598917036 -252.33179430814997 40.936302703777535
      70.428548620765866 373.71072509028659 467.35275372388787
      1624.5547866843592)))))
 ((pools
   ((number_of_pools 2) (teams_per_pool 5)
    (multibracket ((4 2 0 0) (1) (4 2 0 0)))))
  ((samples 5300)
   (sums
    (2299.8081227919856 2047.0241620159711 250.54434742731883
     696.12596237215439 363.82541055715546 -393.55534984072068
     -464.30824745876504 -1092.5674706819877 -1509.9846556678422
     -2196.9122815152696))
   (prods
    ((2405.1746910150478 570.38678585961986 -344.34561232831203
      118.15437426290403 28.219244330359775 -268.43841293836959
      -243.67090145793739 -554.96335546408329 -707.50841766077838
      -1003.0083956184486)
     (570.38678585961986 2463.1679112983875 -290.76877447256248
      42.818821684731518 -77.347205195104323 -297.62965809711829
      -291.45547181892744 -526.98290815721361 -664.29145620579743
      -927.89804489601613)
     (-344.34561232831203 -290.76877447256248 1626.6070275463733
      -48.752958974267983 -94.302357173025172 -174.75929460247607
      -140.88465208759467 -147.74157971507074 -153.41697443038242
      -231.63482376268135)
     (118.15437426290403 42.818821684731518 -48.752958974267983
      1374.3252856066024 -80.2368647197365 -226.3596998726988
      -200.15205193979702 -287.38516067898877 -305.67975302098495
      -386.731992347765)
     (28.219244330359775 -77.347205195104323 -94.302357173025172
      -80.2368647197365 1214.2203281990421 -183.0067680648803
      -141.49630317207959 -155.09503279998393 -230.69002641986958
      -280.26501498472254)
     (-268.43841293836959 -297.62965809711829 -174.75929460247607
      -226.3596998726988 -183.0067680648803 1212.6883660630228
      -52.001667978572037 -30.828438421418564 7.5074341109786396
      12.828139801531794)
     (-243.67090145793739 -291.45547181892744 -140.88465208759467
      -200.15205193979702 -141.49630317207959 -52.001667978572037
      1000.4329013710358 -26.151134418012568 25.429810676604866
      69.949470825279263)
     (-554.96335546408329 -526.98290815721361 -147.74157971507074
      -287.38516067898877 -155.09503279998393 -30.828438421418564
      -26.151134418012568 1141.6108161698198 225.16586862952772
      362.37092485542394)
     (-707.50841766077838 -664.29145620579743 -153.41697443038242
      -305.67975302098495 -230.69002641986958 7.5074341109786396
      25.429810676604866 225.16586862952772 1253.0521331324949
      550.43138118820571)
     (-1003.0083956184486 -927.89804489601613 -231.63482376268135
      -386.731992347765 -280.26501498472254 12.828139801531794
      69.949470825279263 362.37092485542394 550.43138118820571
      1833.9583549391921)))))
 ((pools
   ((number_of_pools 2) (teams_per_pool 5)
    (multibracket ((4 2 0 0) (1) (4 0 0)))))
  ((samples 5300)
   (sums
    (2367.9239417004469 1949.3970657470495 641.65994478552341
     950.86405317609638 648.87753196080916 -91.840825363024109
     -1063.4776077090849 -1720.7792498563026 -1571.8734154753483
     -2110.7514389661637))
   (prods
    ((2499.7227541342563 498.51394301519878 -133.46010943262749
      225.55244245978102 218.91313128410513 -119.39623792305756
      -591.04526072590193 -872.05857114991466 -735.75916587485278
      -990.9829257869859)
     (498.51394301519878 2445.9382030799388 -90.118157136238622
      163.37252624502605 121.90914259348904 -191.42716874308263
      -571.57167654945852 -812.31955100554148 -682.63313999390516
      -881.66412150542465)
     (-133.46010943262749 -90.118157136238622 1739.1173471492179
      36.3354601874755 -78.567860050527486 -134.52392583139024
      -297.26208961567784 -402.71324874766066 -282.96843323606953
      -355.83898328650019)
     (225.55244245978102 163.37252624502605 36.3354601874755
      1494.5901746958675 -2.7244361541070887 -154.53220106684532
      -388.96286932177532 -488.17796884340083 -403.12896685159609
      -482.32416135042553)
     (218.91313128410513 121.90914259348904 -78.567860050527486
      -2.7244361541070887 1183.3064358432293 -114.1732569716627
      -234.01619731626525 -370.29972804370544 -337.24322669930979
      -387.10400448524496)
     (-119.39623792305756 -191.42716874308263 -134.52392583139024
      -154.53220106684532 -114.1732569716627 1130.2768298025219
      -68.541753370179336 -134.3319008229721 -118.83658537059407
      -94.513799702738)
     (-591.04526072590193 -571.57167654945852 -297.26208961567784
      -388.96286932177532 -234.01619731626525 -68.541753370179336
      1416.1627023532819 209.34099574219081 200.50879153325826
      325.38735727052824)
     (-872.05857114991466 -812.31955100554148 -402.71324874766066
      -488.17796884340083 -370.29972804370544 -134.3319008229721
      209.34099574219081 1803.9015159333642 457.06090731938309
      609.5975496182582)
     (-735.75916587485278 -682.63313999390516 -282.96843323606953
      -403.12896685159609 -337.24322669930979 -118.83658537059407
      200.50879153325826 457.06090731938309 1368.8307090465262
      534.16911012715923)
     (-990.9829257869859 -881.66412150542465 -355.83898328650019
      -482.32416135042553 -387.10400448524496 -94.513799702738
      325.38735727052824 609.5975496182582 534.16911012715923
      1723.2739791013732)))))
 ((pools
   ((number_of_pools 2) (teams_per_pool 5)
    (multibracket ((4 2 0 0) (1) (2 0)))))
  ((samples 5300)
   (sums
    (2399.5885545107731 2005.6924753666849 784.43566645831413
     1098.5092114254305 529.06159737045368 -340.6676933348291
     -1118.4396823482191 -1729.2968136257161 -1531.8208206106403
     -2097.0624952122507))
   (prods
    ((2563.9277629587727 547.45658587903461 -72.369371680998526
      335.33146385771494 128.1088873145325 -268.47501610081838
      -636.26110492918633 -887.03112783713141 -714.94432083360562
      -995.74375862831255)
     (547.45658587903461 2458.6518845768342 1.7022645974653265
      230.77861470042919 31.3181729609537 -291.03918723651037
      -599.25482319973446 -847.92599360905047 -662.390887364676
      -869.29663130474319)
     (-72.369371680998526 1.7022645974653265 1817.5967311963407
      109.47626435472965 -47.493084929548814 -237.67088173579342
      -346.41218533159429 -461.061069373917 -333.63875158214722
      -430.12991551453609)
     (335.33146385771494 230.77861470042919 109.47626435472965
      1515.0902071781486 -21.680362629445003 -220.52828339537805
      -430.62040202825119 -544.4365977026855 -429.52306951480591
      -543.88783482045642)
     (128.1088873145325 31.3181729609537 -47.493084929548814
      -21.680362629445003 1258.0429613378815 -143.90665108995154
      -223.26743320390736 -331.17005027970731 -317.44978171387447
      -332.50265776693271)
     (-268.47501610081838 -291.03918723651037 -237.67088173579342
      -220.52828339537805 -143.90665108995154 1254.1287899680235
      -62.443308838085485 -5.6430301528125346 -35.143788324083737
      10.721356905410037)
     (-636.26110492918633 -599.25482319973446 -346.41218533159429
      -430.62040202825119 -223.26743320390736 -62.443308838085485
      1504.7715969204005 212.67615974091461 247.38088295461642
      333.43061791482762)
     (-887.03112783713141 -847.92599360905047 -461.061069373917
      -544.4365977026855 -331.17005027970731 -5.6430301528125346
      212.67615974091461 1811.6176923391852 433.39283181369109
      619.58118506151254)
     (-714.94432083360562 -662.390887364676 -333.63875158214722
      -429.52306951480591 -317.44978171387447 -35.143788324083737
      247.38088295461642 433.39283181369109 1306.3577592441118
      505.95912532077421)
     (-995.74375862831255 -869.29663130474319 -430.12991551453609
      -543.88783482045642 -332.50265776693271 10.721356905410037
      333.43061791482762 619.58118506151254 505.95912532077421
      1701.868512832456)))))
 ((pools
   ((number_of_pools 2) (teams_per_pool 5)
    (multibracket ((4 0 0) (2 7 0 0)))))
  ((samples 5300)
   (sums
    (2473.0327979832268 1975.5392918731434 581.784460206652
     1013.4034333960449 112.84440673301484 -45.970401163000915
     -817.18295614115391 -1426.457179762245 -2131.5646548933241
     -1735.4291982323559))
   (prods
    ((2685.504043012374 506.61152779963481 -151.88560589500429
      299.49743706259187 -95.050259841228623 -99.074501563105244
      -495.61567693816778 -735.60724377840745 -1078.6812320544634
      -835.69848780422365)
     (506.61152779963481 2464.5490945849879 -108.45311441093834
      233.45850635151072 -127.18125710412143 -183.78029338029282
      -446.38432073373292 -672.45720472292328 -973.66410975352346
      -692.69882863060025)
     (-151.88560589500429 -108.45311441093834 1796.3133624128325
      -49.145168667827377 -168.53070868349172 -161.94793967926677
      -240.62284911427852 -317.630766593727 -370.98002150850016
      -227.11718785979835)
     (299.49743706259187 233.45850635151072 -49.145168667827377
      1539.6766718841197 -105.1356898088099 -162.91099766032448
      -305.62017501765888 -414.51924234865589 -626.73562818439655
      -408.56571361054887)
     (-95.050259841228623 -127.18125710412143 -168.53070868349172
      -105.1356898088099 1297.3326000800464 -117.68590423424467
      -155.9785882299382 -179.44863325901912 -207.43475543771197
      -140.88680348148054)
     (-99.074501563105244 -183.78029338029282 -161.94793967926677
      -162.91099766032448 -117.68590423424467 1117.2838291805074
      -87.4420131342455 -116.54077562349381 -106.19457374647143
      -81.7068301590625)
     (-495.61567693816778 -446.38432073373292 -240.62284911427852
