(((pools
   ((number_of_pools 2) (teams_per_pool 4) (cycles_per_pool 1)
    (multibracket ((8 0) (4 0) (2 0)))))
  ((samples 400)
   (sums
    (300.95594110380836 107.65278779004832 44.222566432507222
     -85.624478399191048 -42.004187527289105 -99.793309921588246
     -118.84207662428319 -106.56724285401204))
   (prods
    ((400.37720292439138 31.372170113220893 -4.9413571564322112
      -100.05558024708294 -52.833096296965095 -89.077700076018914
      -95.98894923824912 -88.852690022864039)
     (31.372170113220893 181.76471061898872 -17.510995759879481
      -62.427622434159638 -26.646340687872996 -40.099475120567313
      -34.775851759157668 -31.676594970572669)
     (-4.9413571564322112 -17.510995759879481 130.38710469224921
      -33.611996159527081 -4.4400427766928159 -21.673494538645642
      -32.864943050342859 -15.344275250729057)
     (-100.05558024708294 -62.427622434159638 -33.611996159527081
      175.21192035590724 -6.8095186800139871 1.7640939860630003
      9.3022979726749533 16.62640520613839)
     (-52.833096296965095 -26.646340687872996 -4.4400427766928159
      -6.8095186800139871 100.52014172558357 -8.0147776106525122
      -0.36941140508730314 -1.4069542682988596)
     (-89.077700076018914 -40.099475120567313 -21.673494538645642
      1.7640939860630003 -8.0147776106525122 107.86186454890084
      29.173748410863858 20.065740400056658)
     (-95.98894923824912 -34.775851759157668 -32.864943050342859
      9.3022979726749533 -0.36941140508730314 29.173748410863858
      101.79399755983309 23.729111509465007)
     (-88.852690022864039 -31.676594970572669 -15.344275250729057
      16.62640520613839 -1.4069542682988596 20.065740400056658
      23.729111509465007 76.859257396804566)))))
 ((pools
   ((number_of_pools 2) (teams_per_pool 4) (cycles_per_pool 1)
    (multibracket ((8 0) (4 0 0) (2 1 0) (2 0)))))
  ((samples 400)
   (sums
    (303.69116866328164 134.1604148048817 35.837415348951822
     -83.555674871662148 -102.89355691101576 -99.4025533651705
     -93.723089812700138 -94.11412385656638))
   (prods
    ((408.07990637097589 63.2360525243821 -10.930891517358779
      -123.57787991534325 -100.96860958379278 -83.810247896117772
      -76.99472860093374 -75.0336013818115)
     (63.2360525243821 188.01806630300766 -17.457168951696996
      -61.225086972948823 -54.132401101983909 -41.439941033772996
      -38.399137517924643 -38.600383249062425)
     (-10.930891517358779 -17.457168951696996 152.68626919123463
      -35.690694626268211 -37.5542705554094 -24.532825037614966
      -21.041540131003487 -5.4788783718827752)
     (-123.57787991534325 -61.225086972948823 -35.690694626268211
      187.40481448996655 3.139248378612649 4.3202244840574862
      14.951023061640587 10.678351100282825)
     (-100.96860958379278 -54.132401101983909 -37.5542705554094
      3.139248378612649 144.70871662205073 14.518848628648264
      14.479048921906296 15.809418689968087)
     (-83.810247896117772 -41.439941033772996 -24.532825037614966
      4.3202244840574862 14.518848628648264 96.702728165840981
      16.235964158623108 18.005248530335823)
     (-76.99472860093374 -38.399137517924643 -21.041540131003487
      14.951023061640587 14.479048921906296 16.235964158623108
      78.719572552769648 12.04979755492217)
     (-75.0336013818115 -38.600383249062425 -5.4788783718827752
      10.678351100282825 15.809418689968087 18.005248530335823
      12.04979755492217 62.570047127247861)))))
 ((pools
   ((number_of_pools 2) (teams_per_pool 4) (cycles_per_pool 1)
    (multibracket ((8 0 0) (4 2 0) (4 0) (2 0)))))
  ((samples 400)
   (sums
    (235.42028869796371 69.249842018441171 38.63835895072237
     -31.485921592333902 -27.800339552350852 -79.2603243157182
     -104.08259825308731 -100.679305953637))
   (prods
    ((289.84456336189118 -14.869084729320912 -14.836733648197026
      -53.345197186005635 -34.892704223388023 -51.512371207277681
      -56.514607505912714 -63.873864861789215)
     (-14.869084729320912 151.2672928936141 -18.865483090695829
      -24.432083547348551 -22.321064213760248 -31.251539990657385
      -21.346050521787713 -18.181986800043511)
     (-14.836733648197026 -18.865483090695829 120.20098717069689
      -20.878010727176132 -14.955512203336282 -16.390783205468054
      -22.02325656840906 -12.251207727414551)
     (-53.345197186005635 -24.432083547348551 -20.878010727176132
      111.36120610316968 -9.0643969024739981 -5.0745217456376821
      -1.7085991071527948 3.1416031126250283)
     (-34.892704223388023 -22.321064213760248 -14.955512203336282
      -9.0643969024739981 99.412607443947223 -2.7414347795712932
      -9.0532591891772682 -6.3842359322402027)
     (-51.512371207277681 -31.251539990657385 -16.390783205468054
      -5.0745217456376821 -2.7414347795712932 89.795970026064182
      5.9777854536856845 11.196895448862248)
     (-56.514607505912714 -21.346050521787713 -22.02325656840906
      -1.7085991071527948 -9.0532591891772682 5.9777854536856845
      83.800768046136241 20.867219392617624)
     (-63.873864861789215 -18.181986800043511 -12.251207727414551
      3.1416031126250283 -6.3842359322402027 11.196895448862248
      20.867219392617624 65.485577367382547)))))
 ((pools
   ((number_of_pools 2) (teams_per_pool 4) (cycles_per_pool 1)
    (multibracket ((6) (2 0)))))
  ((samples 400)
   (sums
    (347.38369246327017 178.74302401601693 50.837105079248445
     -45.194646339970006 -103.11122406980122 -170.29927389970311
     -143.70014156853776 -114.6585356805234))
   (prods
    ((476.14273088012442 127.16844722934698 -1.5555413086131105
      -64.383671144934368 -119.14415992935487 -170.82474764828936
      -138.2970860393859 -109.1059720388935)
     (127.16844722934698 251.06673881403503 16.346871581805082
      -49.391769906047507 -87.488514598837412 -128.72531367585412
      -76.154120648848576 -52.8223387955995)
     (-1.5555413086131105 16.346871581805082 137.78409804905183
      -27.117787363954804 -33.165016144921516 -32.596532265939452
      -37.146919515926463 -22.549173031501574)
     (-64.383671144934368 -49.391769906047507 -27.117787363954804
      135.31401076193626 0.032437246597168519 -0.027207162781891579
      9.74280636500463 -4.1688187958195231)
     (-119.14415992935487 -87.488514598837412 -33.165016144921516
      0.032437246597168519 165.52151109325052 24.20052398307466
      25.177679538357303 24.865538811834018)
     (-170.82474764828936 -128.72531367585412 -32.596532265939452
      -0.027207162781891579 24.20052398307466 208.20378568193752
      53.220615796895558 46.548875290957142)
     (-138.2970860393859 -76.154120648848576 -37.146919515926463
      9.74280636500463 25.177679538357303 53.220615796895558
      131.60211989388739 31.854904610016227)
     (-109.1059720388935 -52.8223387955995 -22.549173031501574
      -4.1688187958195231 24.865538811834018 46.548875290957142
      31.854904610016227 85.376983949006842)))))
 ((pools
   ((number_of_pools 2) (teams_per_pool 4) (cycles_per_pool 1)
    (multibracket ((4 2 0) (4 2 0) (4 0) (2 0)))))
  ((samples 400)
   (sums
    (227.10632780041581 5.3712989211423832 74.246316992064692
     -22.620147568800121 -16.247986759442227 -87.608923199474589
     -90.692803305675753 -89.5540828802303))
   (prods
    ((269.55231842972864 -80.653185947337988 22.740606051467342
      -26.296605741300066 -16.442138213208917 -55.996403620161608
      -64.491970986800908 -48.412619972386494)
     (-80.653185947337988 144.7010611615764 -15.182376086700712
      -15.162284906793728 -7.2345448105855059 -17.769802052461479
      2.8501703010584327 -11.549037658755394)
     (22.740606051467342 -15.182376086700712 116.26757445081013
      -36.327166464175818 -23.454419350969673 -25.184799401204653
      -23.324207023400309 -15.535212175826313)
     (-26.296605741300066 -15.162284906793728 -36.327166464175818
      93.889597277706812 -3.4204571020907193 -14.729822869323591
      -1.5789749475167398 3.6257147534937784)
     (-16.442138213208917 -7.2345448105855059 -23.454419350969673
      -3.4204571020907193 74.533640039633113 -8.6507289061916754
      -12.184943801493867 -3.14640785509281)
     (-55.996403620161608 -17.769802052461479 -25.184799401204653
      -14.729822869323591 -8.6507289061916754 101.59967941581488
      12.027224347846291 8.7046530856817839)
     (-64.491970986800908 2.8501703010584327 -23.324207023400309
      -1.5789749475167398 -12.184943801493867 12.027224347846291
      72.873359412258282 13.829342698048825)
     (-48.412619972386494 -11.549037658755394 -15.535212175826313
      3.6257147534937784 -3.14640785509281 8.7046530856817839
      13.829342698048825 52.48356712483659)))))
 ((pools
   ((number_of_pools 2) (teams_per_pool 4) (cycles_per_pool 1)
    (multibracket ((4 2 0) (4 0) (4 0) (2 0)))))
  ((samples 400)
   (sums
    (222.86903427032897 21.719971901047533 79.443195598509419
     -14.5955406219022 -27.531948605480515 -90.509875862780845
     -99.3599578778592 -92.034878801863))
   (prods
    ((261.29736422976634 -58.949279909600463 26.836821526442058
      -24.466999699074726 -18.877945006542621 -68.988864939603118
      -56.886934084660851 -59.964162116726726)
     (-58.949279909600463 126.62588262500597 -6.3951955027485852
      -21.994627130966439 -14.174542277574728 -12.919974079492945
      -13.239822598493738 1.0475588738708488)
     (26.836821526442058 -6.3951955027485852 114.63375845112654
      -24.665699015734702 -28.430099175221567 -29.553478446662773
      -32.172871801793043 -20.253236035407994)
     (-24.466999699074726 -21.994627130966439 -24.665699015734702
      101.05495793021079 -8.0548346376509379 -6.7065800920593537
      -13.608813248135501 -1.5574041065891469)
     (-18.877945006542621 -14.174542277574728 -28.430099175221567
      -8.0548346376509379 78.037031023408773 -8.8024377368169073
      1.02374668243729 -0.72091887203929506)
     (-68.988864939603118 -12.919974079492945 -29.553478446662773
      -6.7065800920593537 -8.8024377368169073 98.23656911585465
      16.496596271393631 12.238169907386887)
     (-56.886934084660851 -13.239822598493738 -32.172871801793043
      -13.608813248135501 1.02374668243729 16.496596271393631
      79.915660106120569 18.472438673131659)
     (-59.964162116726726 1.0475588738708488 -20.253236035407994
      -1.5574041065891469 -0.72091887203929506 12.238169907386887
      18.472438673131659 50.73755367637375)))))
 ((pools
   ((number_of_pools 2) (teams_per_pool 4) (cycles_per_pool 1)
    (multibracket ((4) (4 0) (2 0)))))
  ((samples 400)
   (sums
    (321.82457397310685 135.11783797744778 23.064516032149339
     -77.621743651259365 -72.658823819013037 -119.86210592125683
     -99.08949473004958 -110.77475986112495))
   (prods
    ((446.16777951402838 76.680497047675146 -33.074659491109728
      -127.47010325372815 -76.330853129416752 -112.2323500963077
      -78.650485357849348 -95.089825233291862)
     (76.680497047675146 184.16634424473736 -13.708200304270724
      -58.886184534502988 -41.767790043897215 -58.529007426903867
      -50.063879287230293 -37.891779695607447)
     (-33.074659491109728 -13.708200304270724 162.51825428006856
      -30.267811766172866 -23.802039351995422 -35.032176859395918
      -13.916099983281109 -12.717266523843039)
     (-127.47010325372815 -58.886184534502988 -30.267811766172866
      182.00527905467055 1.8513999454906669 11.365752248666023
      15.037747870326847 6.3639204352499368)
     (-76.330853129416752 -41.767790043897215 -23.802039351995422
      1.8513999454906669 111.66708550145196 11.407202497893634
      6.9697185219078328 10.005276058565293)
     (-112.2323500963077 -58.529007426903867 -35.032176859395918
      11.365752248666023 11.407202497893634 135.43049001848956
      17.971050157128094 29.619039460430233)
     (-78.650485357849348 -50.063879287230293 -13.916099983281109
      15.037747870326847 6.9697185219078328 17.971050157128094
      78.0050502731072 24.646897805890738)
     (-95.089825233291862 -37.891779695607447 -12.717266523843039
      6.3639204352499368 10.005276058565293 29.619039460430233
      24.646897805890738 75.063737692606153)))))
 ((pools
   ((number_of_pools 2) (teams_per_pool 4) (cycles_per_pool 1)
    (multibracket ((4) (4 0 0) (2 1 0) (2 0)))))
  ((samples 400)
   (sums
    (318.42851410056329 123.06211646908213 14.272662647734284
     -67.294263718095763 -100.6252994540485 -88.569487814123164
     -104.08620865979455 -95.188033571317689))
   (prods
    ((423.98568837007 64.700374990254119 -34.190384467510242
      -109.26286270039991 -99.6168722907508 -78.52935125033143
      -87.298194113205483 -79.788398538126032)
     (64.700374990254119 200.14328622687805 -16.761386067530339
      -55.1557249822363 -57.67201919124615 -45.372355923352146
      -48.440945016347804 -41.441230036419526)
     (-34.190384467510242 -16.761386067530339 134.48700356586775
      -25.762808764067227 -25.034183763877031 -13.289404681293567
      -11.919987871386402 -7.52884795020288)
     (-109.26286270039991 -55.1557249822363 -25.762808764067227
      180.51586168266527 -1.6318567054791155 -4.6474883554873516
      9.5700118968207448 6.3748679281838063)
     (-99.6168722907508 -57.67201919124615 -25.034183763877031
      -1.6318567054791155 123.32773818945935 23.072049326977542
      16.11602588754452 21.439118547371571)
     (-78.52935125033143 -45.372355923352146 -13.289404681293567
      -4.6474883554873516 23.072049326977542 81.833869883191468
      14.371234836117777 22.561446164177731)
     (-87.298194113205483 -48.440945016347804 -11.919987871386402
      9.5700118968207448 16.11602588754452 14.371234836117777
      88.483599154029577 19.118255226427014)
     (-79.788398538126032 -41.441230036419526 -7.52884795020288
      6.3748679281838063 21.439118547371571 22.561446164177731
      19.118255226427014 59.26478865858828)))))
 ((pools
   ((number_of_pools 2) (teams_per_pool 4) (cycles_per_pool 1)
    (multibracket ((4) (2 0) (2 1 0) (2 0)))))
  ((samples 400)
   (sums
    (307.69999977371708 118.20563371630813 27.457138539908907
     -63.471167600380383 -86.440161843888859 -99.422883043364109
     -97.47878592513166 -106.54977361716881))
   (prods
    ((415.71224628739412 54.711523300077204 -19.221951615203391
      -108.39408879615304 -83.318837747932776 -85.845021521583746
      -88.55665426976833 -85.087215636829953)
     (54.711523300077204 183.75563920909772 -18.365492969091214
      -49.212349519921929 -58.621767502300166 -42.168637213323208
      -36.95506584868432 -33.143849455853974)
     (-19.221951615203391 -18.365492969091214 153.9501977793978
      -32.39064005945275 -20.351339645899056 -27.472680176535729
      -24.520141509764258 -11.627951803451424)
     (-108.39408879615304 -49.212349519921929 -32.39064005945275
      174.08690948671153 0.77932200110345162 11.188704342477177
      1.0730921704811169 2.86905037475466)
     (-83.318837747932776 -58.621767502300166 -20.351339645899056
      0.77932200110345162 111.4300510526093 12.2780285614968
      21.492646335433406 16.311896945489163)
     (-85.845021521583746 -42.168637213323208 -27.472680176535729
      11.188704342477177 12.2780285614968 96.730658903030218
      18.004768685126304 17.284178419312315)
     (-88.55665426976833 -36.95506584868432 -24.520141509764258
      1.0730921704811169 21.492646335433406 18.004768685126304
      88.244568333303434 21.216786103872689)
     (-85.087215636829953 -33.143849455853974 -11.627951803451424
      2.86905037475466 16.311896945489163 17.284178419312315
      21.216786103872689 72.177105052706523)))))
 ((pools
   ((number_of_pools 2) (teams_per_pool 4) (cycles_per_pool 1)
    (multibracket ((4 0) (4 2 0) (4 0) (2 0)))))
  ((samples 400)
   (sums
    (242.95828064428696 48.536712093042055 40.301335542386845
     -32.779931879338619 -20.943532162306333 -77.844211917703319
     -99.79304177686798 -100.43561054349942))
   (prods
    ((290.15351533839049 -40.226699331480575 -5.1344295720265309
      -39.090134007068727 -22.424363780621217 -54.198801521810928
      -70.790151760015334 -58.288935365367138)
     (-40.226699331480575 154.53190535028943 -8.1770179860877352
      -26.6584132616906 -19.821318897362023 -29.427344568474229
      -12.322872401693493 -17.898238903500921)
     (-5.1344295720265309 -8.1770179860877352 100.25480628207428
      -26.099132828987319 -12.914846010898966 -16.91555541755201
      -15.288607538127719 -15.725216928394007)
     (-39.090134007068727 -26.6584132616906 -26.099132828987319
      104.39841651365855 -6.3657270971004243 -0.40716906508854434
      -2.7900966878895894 -2.9877435658334353)
     (-22.424363780621217 -19.821318897362023 -12.914846010898966
      -6.3657270971004243 82.478057626248429 -11.252619237779454
      -10.433676674539036 0.73449407205269823)
     (-54.198801521810928 -29.427344568474229 -16.91555541755201
      -0.40716906508854434 -11.252619237779454 88.117745566468017
      10.689851379220178 13.393892865016953)
     (-70.790151760015334 -12.322872401693493 -15.288607538127719
      -2.7900966878895894 -10.433676674539036 10.689851379220178
      83.950987002599959 16.984566680445123)
     (-58.288935365367138 -17.898238903500921 -15.725216928394007
      -2.9877435658334353 0.73449407205269823 13.393892865016953
      16.984566680445123 63.787181145580689)))))
 ((pools
   ((number_of_pools 2) (teams_per_pool 4) (cycles_per_pool 1)
    (multibracket ((4 0) (4 2 0) (2 0) (2 1 0) (2 0)))))
  ((samples 400)
   (sums
    (226.79916539768746 55.157865488918596 47.466199869596615
     -22.649255138124513 -37.8581137336465 -90.712089403105324
     -89.238167710673409 -88.96560477065313))
   (prods
    ((276.93800023180364 -30.42848524783577 -0.59671825031315062
      -43.15408303352875 -30.41219712913044 -65.801656453542648
      -50.46713205786881 -56.077728059584324)
     (-30.42848524783577 149.50846660539776 -15.542057785820406
      -26.805654334057934 -21.806990469919846 -24.081383629182923
      -21.558942651932743 -9.2849524866483168)
     (-0.59671825031315062 -15.542057785820406 125.85061948909798
      -24.405512414114323 -20.004042167410958 -27.757056612410359
      -19.993783164232049 -17.551449094796713)
     (-43.15408303352875 -26.805654334057934 -24.405512414114323
      115.71026396576927 -6.2923227221254479 -2.5812653339680991
      -9.9791800524783838 -2.4922460754964777)
     (-30.41219712913044 -21.806990469919846 -20.004042167410958
      -6.2923227221254479 79.662635958821511 -0.2711395965970313
      2.282774922297337 -3.1587187959350658)
     (-65.801656453542648 -24.081383629182923 -27.757056612410359
      -2.5812653339680991 -0.2711395965970313 91.24994328472917
      10.773573846783934 18.468984494187879)
     (-50.46713205786881 -21.558942651932743 -19.993783164232049
      -9.9791800524783838 2.282774922297337 10.773573846783934
      73.690538380599833 15.25215077683092)
     (-56.077728059584324 -9.2849524866483168 -17.551449094796713
      -2.4922460754964777 -3.1587187959350658 18.468984494187879
      15.25215077683092 54.843959241442043)))))
 ((pools
   ((number_of_pools 2) (teams_per_pool 4) (cycles_per_pool 1)
    (multibracket ((4 0) (4 0) (4 0) (2 0)))))
  ((samples 400)
   (sums
    (257.61277044276585 29.964899058487081 57.92030599763109
     -25.669558314328931 -26.140088476020797 -86.89813712436343
     -100.97389576710361 -105.81629581706726))
   (prods
    ((322.4496036083321 -59.662452119314167 10.13704151478059
      -32.7233133373767 -27.42846098567081 -72.113338019256474
      -73.098320759292648 -67.560759902201582)
     (-59.662452119314167 168.23386017026473 -18.335564382946441
      -28.573392535364842 -18.571358275810127 -10.433126272174675
      -16.943572146657324 -15.714394437997168)
     (10.13704151478059 -18.335564382946441 121.49937397496709
      -31.672229342038143 -12.560970313520496 -30.560821090170414
      -18.002622558400819 -20.504207802671342)
     (-32.7233133373767 -28.573392535364842 -31.672229342038143
      106.7705258302237 -10.68116006264953 0.4998694879048266
      -1.4845983068700046 -2.1357017338292796)
     (-27.42846098567081 -18.571358275810127 -12.560970313520496
      -10.68116006264953 85.865338727126854 -10.04117305247415
      -8.6033341815756987 2.0211181445740345)
     (-72.113338019256474 -10.433126272174675 -30.560821090170414
      0.4998694879048266 -10.04117305247415 96.760945845472776
      14.809580452798505 11.078062647899726)
     (-73.098320759292648 -16.943572146657324 -18.002622558400819
      -1.4845983068700046 -8.6033341815756987 14.809580452798505
      82.070451895288031 21.252415604709846)
     (-67.560759902201582 -15.714394437997168 -20.504207802671342
      -2.1357017338292796 2.0211181445740345 11.078062647899726
      21.252415604709846 71.5634674795157)))))
 ((pools
   ((number_of_pools 2) (teams_per_pool 4) (cycles_per_pool 1)
    (multibracket ((4 0) (4 0) (2 0) (2 1 0) (2 0)))))
  ((samples 400)
   (sums
    (239.37628144643335 49.058745214742508 80.19902001928277
     -49.358067100123606 -28.618735399946733 -93.010295657510966
     -92.399751533149967 -105.24719698972729))
   (prods
    ((277.37546490328987 -33.839646984342657 27.160074604585642
      -44.401844312591528 -36.759062667120318 -68.310847598678137
      -55.772357711522993 -65.4517802336198)
     (-33.839646984342657 152.72869302925457 -13.162125445827677
      -32.423519547310725 -18.78502029077594 -20.056083549600821
      -21.687231999478534 -12.775065211918388)
     (27.160074604585642 -13.162125445827677 121.71225603505738
      -30.756064497777984 -11.68676837504713 -35.906018886977733
      -30.841792674464585 -26.51956075954795)
     (-44.401844312591528 -32.423519547310725 -30.756064497777984
      107.29082274117228 -9.7245942006207766 -4.6029813846173395
      7.719145746235907 6.8990354555101243)
     (-36.759062667120318 -18.78502029077594 -11.68676837504713
      -9.7245942006207766 83.25850512555013 -1.7451105272910052
      -1.5819408257442795 -2.976008238950659)
     (-68.310847598678137 -20.056083549600821 -35.906018886977733
      -4.6029813846173395 -1.7451105272910052 103.21060341946117
      13.850691162282827 13.55974736542109)
     (-55.772357711522993 -21.687231999478534 -30.841792674464585
      7.719145746235907 -1.5819408257442795 13.850691162282827
      71.4158618843802 16.8976244183115)
     (-65.4517802336198 -12.775065211918388 -26.51956075954795
      6.8990354555101243 -2.976008238950659 13.55974736542109
      16.8976244183115 70.366007204793945)))))
 ((pools
   ((number_of_pools 2) (teams_per_pool 4) (cycles_per_pool 1)
    (multibracket ((4 0) (2 0) (2 3 0) (2 0) (2 0)))))
  ((samples 400)
   (sums
    (240.01196349789038 59.771185118894969 34.965705951772144
     3.3829669288139841 -75.2196281859264 -79.904692241013549
     -88.9386662086941 -94.068834861737272))
   (prods
    ((293.025871568179 -37.929535686015441 -16.954518718197484
      -14.586886348391499 -60.483414467333091 -52.719092884718485
      -59.04352007468551 -51.308903388837258)
     (-37.929535686015441 161.48479044537876 -14.165526621602423
      -20.558332374423227 -32.935316497179173 -17.572255062273907
      -16.225429827565005 -22.098394376319675)
     (-16.954518718197484 -14.165526621602423 115.51688079660107
      -14.668616284378077 -21.335261590261087 -22.849770027749198
      -10.327456866398135 -15.2157306880147)
     (-14.586886348391499 -20.558332374423227 -14.668616284378077
      91.170962002539909 -13.865432627040324 -13.844207137585951
      -11.174176219544158 -2.47331101117674)
     (-60.483414467333091 -32.935316497179173 -21.335261590261087
      -13.865432627040324 113.24209769980679 5.782476759834756
      -1.2452759084812028 10.840126630653286)
     (-52.719092884718485 -17.572255062273907 -22.849770027749198
      -13.844207137585951 5.782476759834756 83.371360786077275
      10.036762560835326 7.7947250055801556)
     (-59.04352007468551 -16.225429827565005 -10.327456866398135
      -11.174176219544158 -1.2452759084812028 10.036762560835326
      73.505097727082756 14.473998608755963)
     (-51.308903388837258 -22.098394376319675 -15.2157306880147
      -2.47331101117674 10.840126630653286 7.7947250055801556
      14.473998608755963 57.987489219358935)))))
 ((pools
   ((number_of_pools 2) (teams_per_pool 4) (cycles_per_pool 1)
    (multibracket ((2) (4 2 0) (4 0) (2 0)))))
  ((samples 400)
   (sums
    (256.13065603874475 61.846914332455 62.941393968550315
     -49.724452752462369 -28.759261648952155 -89.6039603489599
     -114.33585985254236 -98.4954297368334))
   (prods
    ((341.11584515975341 -37.036208943748342 22.806395591186782
      -51.032506615691183 -43.386824633423963 -76.624925198110091
      -89.288222549260041 -66.553552810706236)
     (-37.036208943748342 163.91696418937838 -7.1944665162458827
      -33.750688616552381 -19.012983936234981 -24.200336765259628
      -19.252880369319531 -23.46939904201766)
     (22.806395591186782 -7.1944665162458827 130.55030604631523
      -40.776030530387061 -17.186038464733414 -35.605921093866343
      -37.335720329137089 -15.258524703132199)
     (-51.032506615691183 -33.750688616552381 -40.776030530387061
      115.36671232595651 -4.1749298319010375 1.5480253170160614
      11.621035268241807 1.198382683317226)
     (-43.386824633423963 -19.012983936234981 -17.186038464733414
      -4.1749298319010375 90.0612265879645 -4.40900679625046
      -0.97503085098038067 -0.91641207444034634)
     (-76.624925198110091 -24.200336765259628 -35.605921093866343
      1.5480253170160614 -4.40900679625046 95.805715603497035
      23.181836532254241 20.304612400719158)
     (-89.288222549260041 -19.252880369319531 -37.335720329137089
      11.621035268241807 -0.97503085098038067 23.181836532254241
      90.553695062593192 21.495287235607904)
     (-66.553552810706236 -23.46939904201766 -15.258524703132199
      1.198382683317226 -0.91641207444034634 20.304612400719158
      21.495287235607904 63.199606310652158)))))
 ((pools
   ((number_of_pools 2) (teams_per_pool 4) (cycles_per_pool 1)
    (multibracket ((2) (4 2 0) (2 0) (2 1 0) (2 0)))))
  ((samples 400)
   (sums
    (255.63708392624807 50.457112601945845 34.39068012467056
     -22.807240860886544 -59.735258481522322 -72.974976851097111
     -88.660044486922615 -96.307355972435928))
   (prods
    ((326.44045793452733 -50.167453661030024 -4.4563938621652985
      -34.797809744601892 -52.445595862476139 -64.270634038862838
      -61.093816901363361 -59.208753864027727)
     (-50.167453661030024 177.47329891416638 -23.589076933149887
      -32.784815377740649 -20.847643874672951 -11.581126067397332
      -23.272119266923749 -15.231063733251817)
     (-4.4563938621652985 -23.589076933149887 116.2839237688836
      -11.012472769054817 -27.43467455413537 -23.770922592829727
      -9.926058763471584 -16.094324294077044)
     (-34.797809744601892 -32.784815377740649 -11.012472769054817
      104.38523994207544 -6.8357447983620609 -7.5781611019825617
      -8.5596061366776652 -2.8166300136558742)
     (-52.445595862476139 -20.847643874672951 -27.43467455413537
      -6.8357447983620609 92.966272703220326 3.7459351497514728
      6.7401621924379729 4.1112890442367265)
     (-64.270634038862838 -11.581126067397332 -23.770922592829727
      -7.5781611019825617 3.7459351497514728 88.615588983644841
      4.98022781235294 9.8590918553232818)
     (-61.093816901363361 -23.272119266923749 -9.926058763471584
      -8.5596061366776652 6.7401621924379729 4.98022781235294
      71.990665904051212 19.140545159594229)
     (-59.208753864027727 -15.231063733251817 -16.094324294077044
      -2.8166300136558742 4.1112890442367265 9.8590918553232818
      19.140545159594229 60.239845845858234)))))
 ((pools
   ((number_of_pools 2) (teams_per_pool 4) (cycles_per_pool 1)
    (multibracket ((2) (4 0) (4 0) (2 0)))))
  ((samples 400)
   (sums
    (254.15695843985435 70.135090063458051 44.301025370693893
     -36.018000482304394 -33.955092443489839 -90.809283755047559
     -96.194195869293125 -111.61650132387119))
   (prods
    ((307.04683951589737 -25.435926050181578 -4.6880112172918027
      -44.593994610806654 -29.196519403739273 -62.090518833304458
      -66.268316753663271 -74.7735526469104)
     (-25.435926050181578 177.56740051917998 -14.075143586071269
      -39.536876128008608 -15.300885959005605 -35.1917599617908
      -23.072064870187521 -24.954743963934558)
     (-4.6880112172918027 -14.075143586071269 119.19780886296462
      -25.861191582421498 -11.837319563731411 -28.08164817722465
      -24.709194716483363 -9.94530001974059)
     (-44.593994610806654 -39.536876128008608 -25.861191582421498
      114.14674255901221 -9.5745406163762645 0.43481454682190934
      1.5893910665813953 3.3956547651973277)
     (-29.196519403739273 -15.300885959005605 -11.837319563731411
      -9.5745406163762645 82.790108383402782 -9.9638030425391744
      -4.340127179326827 -2.5769126186841587)
     (-62.090518833304458 -35.1917599617908 -28.08164817722465
      0.43481454682190934 -9.9638030425391744 112.88836966777379
      13.244231254441839 8.7603145458214762)
     (-66.268316753663271 -23.072064870187521 -24.709194716483363
      1.5893910665813953 -4.340127179326827 13.244231254441839
      78.6273715302181 24.928709668419746)
     (-74.7735526469104 -24.954743963934558 -9.94530001974059
      3.3956547651973277 -2.5769126186841587 8.7603145458214762
      24.928709668419746 75.165830269831147)))))
 ((pools
   ((number_of_pools 2) (teams_per_pool 4) (cycles_per_pool 1)
    (multibracket ((2) (4 0) (4 0 0) (2 1 0) (2 0)))))
  ((samples 400)
   (sums
    (259.48405722918784 74.5805405322929 52.915197724826371
     -42.247280792991596 -75.230148944680778 -94.707297289572026
     -82.308211697875763 -92.486856761186885))
   (prods
    ((325.03071909948176 -26.508109994773172 6.4098031918698988
      -46.628213113477621 -66.501577960031142 -78.02538582268798
      -53.772261427803336 -60.004973972578519)
     (-26.508109994773172 184.58609266547404 -18.416188253586697
      -43.56469904142768 -32.802923716050607 -28.175280672933575
      -14.236886730266912 -20.882004256435419)
     (6.4098031918698988 -18.416188253586697 119.4253609031321
      -17.02791533507 -19.241928356299582 -23.118793322753067
      -31.684984126788585 -16.345354700504092)
     (-46.628213113477621 -43.56469904142768 -17.02791533507
      113.46016706508684 -8.6701569588459257 -0.29585291866239727
      -0.05208163439897584 2.7787519367956484)
     (-66.501577960031142 -32.802923716050607 -19.241928356299582
      -8.6701569588459257 100.12819901566849 11.516717343816508
      5.4121780897566882 10.159492541985532)
     (-78.02538582268798 -28.175280672933575 -23.118793322753067
      -0.29585291866239727 11.516717343816508 94.646327175733461
      10.877358480928127 12.574909736558904)
     (-53.772261427803336 -14.236886730266912 -31.684984126788585
      -0.05208163439897584 5.4121780897566882 10.877358480928127
      68.556251024589685 14.900426323983284)
     (-60.004973972578519 -20.882004256435419 -16.345354700504092
      2.7787519367956484 10.159492541985532 12.574909736558904
      14.900426323983284 56.818752390194611)))))
 ((pools
   ((number_of_pools 2) (teams_per_pool 4) (cycles_per_pool 1)
    (multibracket ((2) (4 0) (2 0) (2 1 0) (2 0)))))
  ((samples 400)
   (sums
    (248.96239565653468 70.604342821938019 53.052105618911355
     -38.176242229588084 -43.533187400803193 -110.10354271686893
     -84.084598653376617 -96.721273096747154))
   (prods
    ((302.68026715048336 -32.536394547219835 2.7218836580488031
      -53.656933545010276 -36.936307334760649 -82.271063065752443
      -46.164419208879906 -53.837033106909111)
     (-32.536394547219835 176.08452883949502 -5.3277131895759151
      -26.407861718408491 -20.829825692804125 -43.333813062038573
      -23.258365669564096 -24.390554959884064)
     (2.7218836580488031 -5.3277131895759151 125.88951805794781
      -31.967623713691644 -17.858374954300569 -26.504326225777344
      -23.808751558927376 -23.144612073723916)
     (-53.656933545010276 -26.407861718408491 -31.967623713691644
      117.2984808812611 -1.3781721894622998 -3.8515998068098272
      -6.8360293084568431 6.7997394005782539)
     (-36.936307334760649 -20.829825692804125 -17.858374954300569
      -1.3781721894622998 85.380628453493443 -5.3040607733310035
      -3.3064572004413937 0.23256969160651431)
     (-82.271063065752443 -43.333813062038573 -26.504326225777344
      -3.8515998068098272 -5.3040607733310035 127.81639559460639
      17.375344886720228 16.073122452382563)
     (-46.164419208879906 -23.258365669564096 -23.808751558927376
      -6.8360293084568431 -3.3064572004413937 17.375344886720228
      69.2094790445155 16.789199015033915)
     (-53.837033106909111 -24.390554959884064 -23.144612073723916
      6.7997394005782539 0.23256969160651431 16.073122452382563
      16.789199015033915 61.477569580915869)))))
 ((pools
   ((number_of_pools 2) (teams_per_pool 4) (cycles_per_pool 1)
    (multibracket ((2) (4 0 0) (2 3 0) (2 0) (2 0)))))
  ((samples 400)
   (sums
    (264.30504174139077 59.205982164593976 -32.168788402858638
     19.065895062097443 -40.560433981215525 -86.134732594132927
     -90.385352694162862 -93.327611295712416))
   (prods
    ((325.48265653327559 -34.909407646692124 -66.308399102213457
      -6.715581175607972 -34.759736028142335 -64.520564493513888
      -54.451760080744222 -63.817208006361717)
     (-34.909407646692124 182.36818846314711 -34.101295819438249
      -14.806645589778045 -29.235332517228503 -37.521969755614748
      -20.469414958161288 -11.324122176234193)
     (-66.308399102213457 -34.101295819438249 109.62220455465589
      -15.978212997888782 -4.0524476157703573 4.5948295626741276
      -0.38358150069938868 6.6069029186801966)
     (-6.715581175607972 -14.806645589778045 -15.978212997888782
      97.839495097405035 -11.529315832424937 -19.798988401266946
      -12.745815601290218 -16.264935499148145)
     (-34.759736028142335 -29.235332517228503 -4.0524476157703573
      -11.529315832424937 86.734648711673813 -4.8949511799740506
      -4.3553549778208742 2.0924894396872058)
     (-64.520564493513888 -37.521969755614748 4.5948295626741276
      -19.798988401266946 -4.8949511799740506 98.676459311888578
      11.334957283117189 12.130227672689736)
     (-54.451760080744222 -20.469414958161288 -0.38358150069938868
      -12.745815601290218 -4.3553549778208742 11.334957283117189
      68.065219236772393 13.005750598826383)
     (-63.817208006361717 -11.324122176234193 6.6069029186801966
      -16.264935499148145 2.0924894396872058 12.130227672689736
      13.005750598826383 57.570895051860532)))))
 ((pools
   ((number_of_pools 2) (teams_per_pool 4) (cycles_per_pool 1)
    (multibracket ((2) (2 0) (2 3 0) (2 0) (2 0)))))
  ((samples 400)
   (sums
    (239.71130944259278 74.309323255679885 10.965751492280567
     7.0076555458162124 -62.15613899071851 -80.6104004945079
     -87.594391544736609 -101.63310870640612))
   (prods
    ((295.79145847930204 -22.522091683841087 -26.208062075878644
      -17.984731134157034 -45.23056145481884 -53.797783639020921
      -65.625237754213757 -64.422990737371848)
     (-22.522091683841087 165.45433983472327 -20.23709621655404
      -15.772881787270347 -36.194009347605494 -30.888552856085091
      -18.206620654169885 -21.633087289197359)
     (-26.208062075878644 -20.23709621655404 109.72594846244392
      -17.796545233781103 -14.794598742869857 -15.982322477061581
      -11.950466799292339 -2.7568569170064312)
     (-17.984731134157034 -15.772881787270347 -17.796545233781103
      101.01604668778215 -19.576984933363722 -15.152093426177125
      -5.6967881461313787 -9.0360220269015379)
     (-45.23056145481884 -36.194009347605494 -14.794598742869857
      -19.576984933363722 98.9133797182495 9.387264235223407
      3.2172908787585559 4.27821964642645)
     (-53.797783639020921 -30.888552856085091 -15.982322477061581
      -15.152093426177125 9.387264235223407 78.937700800531744
      12.00630282868395 15.489484533905623)
     (-65.625237754213757 -18.206620654169885 -11.950466799292339
      -5.6967881461313787 3.2172908787585559 12.00630282868395
      73.213485647711892 13.042033998652952)
     (-64.422990737371848 -21.633087289197359 -2.7568569170064312
      -9.0360220269015379 4.27821964642645 15.489484533905623
      13.042033998652952 65.039218791492161)))))
 ((pools
   ((number_of_pools 2) (teams_per_pool 4) (cycles_per_pool 1)
    (multibracket ((2) (2 0) (2 3 0 0) (4 0) (2 0)))))
  ((samples 400)
   (sums
    (263.78509150265847 84.944757735428581 -3.7773731670845261
     -52.632938782816865 -11.973602727795376 -85.131378890754277
     -91.9934711280602 -103.22108454157585))
   (prods
    ((336.4151090542785 -14.486907049082918 -43.957354215050181
      -61.688237325453308 -23.492585374028842 -64.1341380574166
      -59.457176946698624 -69.19871008654772)
     (-14.486907049082918 183.8294001978912 -23.24398605358811
      -42.823511906357012 -13.133469710530909 -34.220113621218005
      -30.834522362387332 -25.086889494727107)
     (-43.957354215050181 -23.24398605358811 113.95130647973382
      -10.332523583148598 -20.156817062960862 -5.8006663658906881
      -6.2235268388036342 -4.2364323602917455)
     (-61.688237325453308 -42.823511906357012 -10.332523583148598
      106.59699444244372 -1.9045105700535263 -0.19320082131598737
      8.2196324763349953 2.1253572875495923)
     (-23.492585374028842 -13.133469710530909 -20.156817062960862
      -1.9045105700535263 75.4696672408678 -4.8671554577045884
      -7.59444413735328 -4.3206849282358011)
     (-64.1341380574166 -34.220113621218005 -5.8006663658906881
      -0.19320082131598737 -4.8671554577045884 91.091818811180062
      4.5467784493547958 13.576677063011035)
     (-59.457176946698624 -30.834522362387332 -6.2235268388036342
      8.2196324763349953 -7.59444413735328 4.5467784493547958
      74.463178557522752 16.880080802030385)
     (-69.19871008654772 -25.086889494727107 -4.2364323602917455
      2.1253572875495923 -4.3206849282358011 13.576677063011035
      16.880080802030385 70.260601717211216)))))
 ((pools
   ((number_of_pools 2) (teams_per_pool 4) (cycles_per_pool 1)
    (multibracket ((2) (2 0) (2 1 0) (2 1 1 0) (2 1 0) (2 0)))))
  ((samples 400)
   (sums
    (257.59241827931839 70.215489130852745 7.9672604570432632
     -17.65458565011215 -67.166204507411223 -71.115991207001343
     -86.191023838007339 -93.647362664682319))
   (prods
    ((318.91798788898814 -17.964065229289989 -27.063048651394492
      -50.037339519050235 -48.518423928111673 -60.265563470646164
      -58.55528732410982 -56.514259766385727)
     (-17.964065229289989 149.22971465530719 -24.596931368214097
      -18.217571778552539 -32.098568987328527 -13.688917663367015
      -19.323143872205524 -23.340515756349483)
     (-27.063048651394492 -24.596931368214097 114.23852031521271
      -7.0076017924658789 -21.633571542363708 -19.9273787303061
      -13.918881285790397 -0.09110694467804209)
     (-50.037339519050235 -18.217571778552539 -7.0076017924658789
      97.008063278309052 -8.0267383517586435 -0.53649713821095224
      -4.8747399697193909 -8.3075747285515114)
     (-48.518423928111673 -32.098568987328527 -21.633571542363708
      -8.0267383517586435 86.635479489190473 8.1228445174473212
      6.6327298607781282 8.8862489421465636)
     (-60.265563470646164 -13.688917663367015 -19.9273787303061
      -0.53649713821095224 8.1228445174473212 73.983626640441187
      6.3892393742147506 5.922646470426896)
     (-58.55528732410982 -19.323143872205524 -13.918881285790397
      -4.8747399697193909 6.6327298607781282 6.3892393742147506
      68.933643129730882 14.716440087101393)
     (-56.514259766385727 -23.340515756349483 -0.09110694467804209
      -8.3075747285515114 8.8862489421465636 5.922646470426896
      14.716440087101393 58.728121696289911)))))
 ((pools
   ((number_of_pools 2) (teams_per_pool 4) (cycles_per_pool 1)
