(((pools
   ((number_of_pools 4) (teams_per_pool 1) (cycles_per_pool 1)
    (multibracket ((4 0 0) (2 1 0) (2 0) (1)))))
  ((samples 580)
   (sums
    (179.535835053838 -6.4819115085304881 -58.616295957626
     -114.43762758768167))
   (prods
    ((167.68179254432135 -67.842905158306792 -50.671784631087775
      -49.167102754926773)
     (-67.842905158306792 107.63124604968746 -23.039899881972367
      -16.7484410094083)
     (-50.671784631087775 -23.039899881972367 85.100349713006437
      -11.3886651999463)
     (-49.167102754926773 -16.7484410094083 -11.3886651999463
      77.3042089642814)))))
 ((pools
   ((number_of_pools 4) (teams_per_pool 1) (cycles_per_pool 1)
    (multibracket ((4 0 0) (2 1 0) (1) (1)))))
  ((samples 196)
   (sums
    (59.653202237612305 11.365611191654082 -21.635835919287203
     -49.382977509979213))
   (prods
    ((56.9148193526549 -21.407759706567724 -14.265912978563735
      -21.241146667523413)
     (-21.407759706567724 49.357364368225795 -11.921996612277203
      -16.027608049380859)
     (-14.265912978563735 -11.921996612277203 29.106377307632485
      -2.9184677167915609)
     (-21.241146667523413 -16.027608049380859 -2.9184677167915609
      40.18722243369583)))))
 ((pools
   ((number_of_pools 4) (teams_per_pool 1) (cycles_per_pool 1)
    (multibracket ((4 0 0) (1) (2 0) (1)))))
  ((samples 196)
   (sums
    (60.509985377762177 22.885467645021123 -33.421477062745474
     -49.973975960037862))
   (prods
    ((56.60502471528374 -10.774377915395355 -22.815165793005693
      -23.015481006882673)
     (-10.774377915395355 43.076723051958858 -15.10295324212635
      -17.199391894437166)
     (-22.815165793005693 -15.10295324212635 40.470756449291592
      -2.5526374141595625)
     (-23.015481006882673 -17.199391894437166 -2.5526374141595625
      42.767510315479385)))))
 ((pools
   ((number_of_pools 1) (teams_per_pool 4) (cycles_per_pool 1)
    (multibracket ((2 1 1 0) (2 1 0) (2 0) (1)))))
  ((samples 580)
   (sums
    (162.38625711574642 16.787190505327025 -63.300027779810605
     -115.87341984126292))
   (prods
    ((143.53323648411305 -48.881014756659376 -52.798600671795995
      -41.853621055657626)
     (-48.881014756659376 104.01558648382245 -38.571127904098105
      -16.563443823064926)
     (-52.798600671795995 -38.571127904098105 103.51242553902883
      -12.142696963134696)
     (-41.853621055657626 -16.563443823064926 -12.142696963134696
      70.559761841857267)))))
 ((pools
   ((number_of_pools 1) (teams_per_pool 4) (cycles_per_pool 1)
    (multibracket ((2 1 1 0) (2 1 0) (1) (1)))))
  ((samples 580)
   (sums
    (162.38625711574642 16.787190505327025 -53.481653623224133
     -125.69179399784929))
   (prods
    ((143.53323648411305 -48.881014756659376 -40.577954974666405
      -54.074266752787253)
     (-48.881014756659376 104.01558648382245 -31.180134288142384
      -23.954437439020644)
     (-40.577954974666405 -31.180134288142384 84.60829608482868
      -12.85020682201989)
     (-54.074266752787253 -23.954437439020644 -12.85020682201989
      90.8789110138278)))))
 ((pools
   ((number_of_pools 1) (teams_per_pool 4) (cycles_per_pool 1)
    (multibracket ((2 1 1 0) (2 0) (2 0) (1)))))
  ((samples 580)
   (sums
    (162.38625711574642 26.852934920862079 -71.227501379423288
     -118.0116906571852))
   (prods
    ((143.53323648411305 -54.819261955660636 -42.945533016805953
      -45.7684415116464)
     (-54.819261955660636 121.49387466130689 -43.815713771151785
      -22.858898934494491)
     (-42.945533016805953 -43.815713771151785 94.5436250330716
      -7.78237824511387)
     (-45.7684415116464 -22.858898934494491 -7.78237824511387
      76.409718691254781)))))
 ((pools
   ((number_of_pools 1) (teams_per_pool 4) (cycles_per_pool 1)
    (multibracket ((2 1 1 0) (2 0) (1) (1)))))
  ((samples 580)
   (sums
    (162.38625711574642 26.852934920862079 -56.24718905507514
     -132.99200298153335))
   (prods
    ((143.53323648411305 -54.819261955660636 -37.12470693549956
      -51.589267592952808)
     (-54.819261955660636 121.49387466130689 -36.191605339217432
      -30.483007366428833)
     (-37.12470693549956 -36.191605339217432 87.909923808143176
      -14.593611533426206)
     (-51.589267592952808 -30.483007366428833 -14.593611533426206
      96.665886492807871)))))
 ((pools
   ((number_of_pools 1) (teams_per_pool 4) (cycles_per_pool 1)
    (multibracket ((2 1 1 0) (1) (2 0) (1)))))
  ((samples 580)
   (sums
    (162.38625711574642 29.703258958122539 -66.397722076019619
     -125.69179399784929))
   (prods
    ((143.53323648411305 -41.712365795207745 -47.746603936118021
      -54.074266752787253)
     (-41.712365795207745 108.16216806513003 -34.390196366418024
      -32.0596059035043)
     (-47.746603936118021 -34.390196366418024 86.881838660072276
      -4.7450383575362434)
     (-54.074266752787253 -32.0596059035043 -4.7450383575362434
      90.8789110138278)))))
 ((pools
   ((number_of_pools 1) (teams_per_pool 4) (cycles_per_pool 1)
    (multibracket ((2 1 1 0) (1) (1) (1)))))
  ((samples 580)
   (sums
    (162.38625711574642 29.703258958122539 -59.097513092335618
     -132.99200298153335))
   (prods
    ((143.53323648411305 -41.712365795207745 -50.231603095952451
      -51.589267592952808)
     (-41.712365795207745 108.16216806513003 -33.200717079408356
      -33.249085190513959)
     (-50.231603095952451 -33.200717079408356 95.259853884701869
      -11.827533709341079)
     (-51.589267592952808 -33.249085190513959 -11.827533709341079
      96.665886492807871)))))
 ((pools
   ((number_of_pools 1) (teams_per_pool 4) (cycles_per_pool 1)
    (multibracket ((4 0 0) (2 1 0) (2 0) (1)))))
  ((samples 196)
   (sums
    (66.838426508228935 -5.5557542888375924 -16.97147219025371
     -44.311200029137645))
   (prods
    ((67.341580594054264 -34.356247078683964 -11.1538031382495
      -21.831530377120803)
     (-34.356247078683964 46.552377492554626 -10.556643243711086
      -1.639487170159567)
     (-11.1538031382495 -10.556643243711086 27.098879349476416
      -5.3884329675158327)
     (-21.831530377120803 -1.639487170159567 -5.3884329675158327
      28.859450514796208)))))
 ((pools
   ((number_of_pools 1) (teams_per_pool 4) (cycles_per_pool 1)
    (multibracket ((4 0 0) (2 1 0) (1) (1)))))
  ((samples 196)
   (sums
    (66.838426508228935 -5.5557542888375924 -17.028894619648728
     -44.253777599742627))
   (prods
    ((67.341580594054264 -34.356247078683964 -12.619329446658369
      -20.366004068711938)
     (-34.356247078683964 46.552377492554626 -7.9207252184165657
      -4.2754051954540895)
     (-12.619329446658369 -7.9207252184165657 27.597406221772495
      -7.0573515566975722)
     (-20.366004068711938 -4.2754051954540895 -7.0573515566975722
      31.69876082086359)))))
 ((pools
   ((number_of_pools 1) (teams_per_pool 4) (cycles_per_pool 1)
    (multibracket ((4 0 0) (1) (2 0) (1)))))
  ((samples 196)
   (sums
    (66.838426508228935 34.793587825999126 -57.378236734485469
     -44.253777599742627))
   (prods
    ((67.341580594054264 -1.6469114683399457 -45.328665057002375
      -20.366004068711938)
     (-1.6469114683399457 46.140136846687042 -32.273464866375093
      -12.219760511971979)
     (-45.328665057002375 -32.273464866375093 76.71512616355713
      0.887003759820315)
     (-20.366004068711938 -12.219760511971979 0.887003759820315
      31.69876082086359)))))
 ((pools
   ((number_of_pools 1) (teams_per_pool 4) (cycles_per_pool 1)
    (multibracket ((2 1 0) (2 1 0) (2 0) (1)))))
  ((samples 196)
   (sums
    (56.933499111060328 10.888951037348283 -21.317139818925924
     -46.505310329482683))
   (prods
    ((50.788269473783046 -19.138188054627097 -12.334769662897845
      -19.315311756258097)
     (-19.138188054627097 41.904742139787054 -15.383647536219559
      -7.3829065489403609)
     (-12.334769662897845 -15.383647536219559 32.5257654226335
      -4.8073482235161018)
     (-19.315311756258097 -7.3829065489403609 -4.8073482235161018
      31.505566528714549)))))
 ((pools
   ((number_of_pools 1) (teams_per_pool 4) (cycles_per_pool 1)
    (multibracket ((2 1 0) (2 1 0) (1) (1)))))
  ((samples 580)
   (sums
    (165.19087589469302 21.27815242542372 -60.048975338908889
     -126.42005298120776))
   (prods
    ((150.22037851475051 -58.828917899879059 -41.201171683145105
      -50.190288931726343)
     (-58.828917899879059 122.93999403411027 -36.685657021420049
      -27.425419112811092)
     (-41.201171683145105 -36.685657021420049 91.425001795518384
      -13.538173090953222)
     (-50.190288931726343 -27.425419112811092 -13.538173090953222
      91.153881135490664)))))
 ((pools
   ((number_of_pools 1) (teams_per_pool 4) (cycles_per_pool 1)
    (multibracket ((2 1 0) (2 0) (2 0) (1)))))
  ((samples 196)
   (sums
    (56.933499111060328 11.035853550471032 -24.084538098306083
     -43.884814563225277))
   (prods
    ((50.788269473783046 -19.635547792645447 -15.318775802117987
      -15.833945879019605)
     (-19.635547792645447 43.456009108114962 -14.168163946639416
      -9.6522973688301033)
     (-15.318775802117987 -14.168163946639416 33.380999099354234
      -3.8940593505968559)
     (-15.833945879019605 -9.6522973688301033 -3.8940593505968559
      29.380302598446544)))))
 ((pools
   ((number_of_pools 1) (teams_per_pool 4) (cycles_per_pool 1)
    (multibracket ((2 1 0) (2 0) (1) (1)))))
  ((samples 196)
   (sums
    (56.933499111060328 11.035853550471032 -15.244161625442645
     -52.725191036088709))
   (prods
    ((50.788269473783046 -19.635547792645447 -10.678923595501136
      -20.47379808563646)
     (-19.635547792645447 43.456009108114962 -8.24316130664142
      -15.577300008828086)
     (-10.678923595501136 -8.24316130664142 24.000583102445603
      -5.0784982003030548)
     (-20.47379808563646 -15.577300008828086 -5.0784982003030548
      41.129596294767573)))))
 ((pools
   ((number_of_pools 1) (teams_per_pool 4) (cycles_per_pool 1)
    (multibracket ((2 1 0) (1) (2 0) (1)))))
  ((samples 580)
   (sums
    (165.19087589469302 46.701551867790116 -85.472374781275235
     -126.42005298120776))
   (prods
    ((150.22037851475051 -45.59914974459133 -54.430939838432863
      -50.190288931726343)
     (-45.59914974459133 119.34908429423658 -43.183037439758124
      -30.566897109887151)
     (-54.430939838432863 -43.183037439758124 108.01067237206816
      -10.396695093877172)
     (-50.190288931726343 -30.566897109887151 -10.396695093877172
      91.153881135490664)))))
 ((pools
   ((number_of_pools 1) (teams_per_pool 4) (cycles_per_pool 1)
    (multibracket ((2 1 0) (1) (1) (1)))))
  ((samples 196)
   (sums
    (56.933499111060328 19.737407422793222 -23.945715497764841
     -52.725191036088709))
   (prods
    ((50.788269473783046 -8.974165640450817 -21.340305747695755
      -20.47379808563646)
     (-8.974165640450817 37.365687051408706 -12.252151751886261
      -16.139369659071622)
     (-21.340305747695755 -12.252151751886261 38.108886049641534
      -4.5164285500595174)
     (-20.47379808563646 -16.139369659071622 -4.5164285500595174
      41.129596294767573)))))
 ((pools
   ((number_of_pools 1) (teams_per_pool 4) (cycles_per_pool 1)
    (multibracket ((2 0) (2 1 0) (2 0) (1)))))
  ((samples 196)
   (sums
    (60.23604254684841 11.143309227266553 -36.22661098328058
     -35.152740790834379))
   (prods
    ((49.784261214827751 -14.794241533785138 -21.685371170854332
      -13.304648510188276)
     (-14.794241533785138 41.557682322636275 -19.704912882233987
      -7.0585279066171323)
     (-21.685371170854332 -19.704912882233987 40.771303158521683
      0.61898089456662952)
     (-13.304648510188276 -7.0585279066171323 0.61898089456662952
      19.744195522238776)))))
 ((pools
   ((number_of_pools 1) (teams_per_pool 4) (cycles_per_pool 1)
    (multibracket ((2 0) (2 1 0) (1) (1)))))
  ((samples 196)
   (sums
    (60.23604254684841 11.143309227266553 -29.612811636780048
     -41.766540137334935))
   (prods
    ((49.784261214827751 -14.794241533785138 -18.191251804470095
      -16.798767876572509)
     (-14.794241533785138 41.557682322636275 -16.239872257289566
      -10.523568531561558)
     (-18.191251804470095 -16.239872257289566 38.463021049694241
      -4.0318969879345863)
     (-16.798767876572509 -10.523568531561558 -4.0318969879345863
      31.35423339606864)))))
 ((pools
   ((number_of_pools 1) (teams_per_pool 4) (cycles_per_pool 1)
    (multibracket ((2 0) (2 0) (2 0) (1)))))
  ((samples 196)
   (sums
    (60.23604254684841 11.046339084727359 -34.032182138759033
     -37.250199492816741))
   (prods
    ((49.784261214827751 -13.213611520122388 -22.131304628897581
      -14.43934506580778)
     (-13.213611520122388 37.456136086116011 -17.535592966481531
      -6.7069315995121057)
     (-22.131304628897581 -17.535592966481531 41.002057768574311
      -1.3351601731952185)
     (-14.43934506580778 -6.7069315995121057 -1.3351601731952185
      22.481436838515105)))))
 ((pools
   ((number_of_pools 1) (teams_per_pool 4) (cycles_per_pool 1)
    (multibracket ((2 0) (2 0) (1) (1)))))
  ((samples 196)
   (sums
    (60.23604254684841 11.046339084727359 -18.557190595487086
     -52.725191036088709))
   (prods
    ((49.784261214827751 -13.213611520122388 -16.222412860506161
      -20.348236834199206)
     (-13.213611520122388 37.456136086116011 -9.1171315442268437
      -15.12539302176679)
     (-16.222412860506161 -9.1171315442268437 30.995510843534603
      -5.65596643880161)
     (-20.348236834199206 -15.12539302176679 -5.65596643880161
      41.129596294767573)))))
 ((pools
   ((number_of_pools 1) (teams_per_pool 4) (cycles_per_pool 1)
    (multibracket ((2 0) (1) (2 0) (1)))))
  ((samples 196)
   (sums
    (60.23604254684841 27.203172543972642 -45.672674953486165
     -41.766540137334935))
   (prods
    ((49.784261214827751 -3.5557943686036015 -29.429698969651614
      -16.798767876572509)
     (-3.5557943686036015 41.830968875004324 -24.749678082192297
      -13.52549642420845)
     (-29.429698969651614 -24.749678082192297 55.20934614713164
      -1.0299690952876983)
     (-16.798767876572509 -13.52549642420845 -1.0299690952876983
      31.35423339606864)))))
 ((pools
   ((number_of_pools 1) (teams_per_pool 4) (cycles_per_pool 1)
    (multibracket ((2 0) (1) (1) (1)))))
  ((samples 196)
   (sums
    (60.23604254684841 27.203172543972642 -34.714024054732384
     -52.725191036088709))
   (prods
    ((49.784261214827751 -3.5557943686036015 -25.880230012024935
      -20.348236834199206)
     (-3.5557943686036015 41.830968875004324 -18.179375089227353
      -20.095799417173371)
     (-25.880230012024935 -18.179375089227353 44.745165144647331
      -0.68556004339502707)
     (-20.348236834199206 -20.095799417173371 -0.68556004339502707
      41.129596294767573)))))
 ((pools
   ((number_of_pools 1) (teams_per_pool 4) (cycles_per_pool 1)
    (multibracket ((1) (2 1 0) (2 0) (1)))))
  ((samples 196)
   (sums
    (71.2614759624971 -2.4897693290746732 -27.371482945957702
     -41.400223687464766))
   (prods
    ((70.038451496776887 -23.261001894191672 -23.063869295893355
      -23.713580306691846)
     (-23.261001894191672 38.227591880295336 -10.41385430106202
      -4.552735685041621)
     (-23.063869295893355 -10.41385430106202 34.901365311310968
      -1.4236417143556008)
     (-23.713580306691846 -4.552735685041621 -1.4236417143556008
      29.689957706089071)))))
 ((pools
   ((number_of_pools 1) (teams_per_pool 4) (cycles_per_pool 1)
    (multibracket ((1) (2 1 0) (1) (1)))))
  ((samples 196)
   (sums
    (71.2614759624971 -2.4897693290746732 -27.005166496087533
     -41.766540137334935))
   (prods
    ((70.038451496776887 -23.261001894191672 -27.153479098883373
      -19.62397050370182)
     (-23.261001894191672 38.227591880295336 -6.428709088683676
      -8.53788089741997)
     (-27.153479098883373 -6.428709088683676 36.774570182513919
      -3.1923819949468628)
     (-19.62397050370182 -8.53788089741997 -3.1923819949468628
      31.35423339606864)))))
 ((pools
   ((number_of_pools 1) (teams_per_pool 4) (cycles_per_pool 1)
    (multibracket ((1) (2 0) (2 0) (1)))))
  ((samples 196)
   (sums
    (71.2614759624971 5.4094305713564177 -34.619017485110327
     -42.051889048743227))
   (prods
    ((70.038451496776887 -18.108703481009258 -28.216910885532069
      -23.71283713023556)
     (-18.108703481009258 36.384580709531733 -13.254370526058377
      -5.0215067024640963)
     (-28.216910885532069 -13.254370526058377 43.547320064309773
      -2.076038652719328)
     (-23.71283713023556 -5.0215067024640963 -2.076038652719328
      30.810382485418987)))))
 ((pools
   ((number_of_pools 1) (teams_per_pool 4) (cycles_per_pool 1)
    (multibracket ((1) (2 0) (1) (1)))))
  ((samples 196)
   (sums
    (71.2614759624971 5.4094305713564177 -23.945715497764841
     -52.725191036088709))
   (prods
    ((70.038451496776887 -18.108703481009258 -29.410956888999568
      -22.518791126768047)
     (-18.108703481009258 36.384580709531733 -4.1815006105824448
      -14.094376617940028)
     (-29.410956888999568 -4.1815006105824448 38.108886049641534
      -4.5164285500595174)
     (-22.518791126768047 -14.094376617940028 -4.5164285500595174
      41.129596294767573)))))
 ((pools
   ((number_of_pools 1) (teams_per_pool 4) (cycles_per_pool 1)
    (multibracket ((1) (1) (2 0) (1)))))
  ((samples 196)
   (sums
    (71.2614759624971 16.177739128323946 -45.672674953486165
     -41.766540137334935))
   (prods
    ((70.038451496776887 -13.255632928789675 -37.158848064285372
      -19.62397050370182)
     (-13.255632928789675 40.976455713427349 -17.020528987558542
      -10.700293797079134)
     (-37.158848064285372 -17.020528987558542 55.20934614713164
      -1.0299690952876983)
     (-19.62397050370182 -10.700293797079134 -1.0299690952876983
      31.35423339606864)))))
 ((pools
   ((number_of_pools 1) (teams_per_pool 4) (cycles_per_pool 1)
    (multibracket ((1) (1) (1) (1)))))
  ((samples 196)
   (sums
    (71.2614759624971 16.177739128323946 -34.714024054732384
     -52.725191036088709))
   (prods
    ((70.038451496776887 -13.255632928789675 -34.264027441219142
      -22.518791126768047)
     (-13.255632928789675 40.976455713427349 -9.79557766003316
      -17.925245124604515)
     (-34.264027441219142 -9.79557766003316 44.745165144647331
      -0.68556004339502707)
     (-22.518791126768047 -17.925245124604515 -0.68556004339502707
      41.129596294767573)))))
 ((pools
   ((number_of_pools 1) (teams_per_pool 4) (cycles_per_pool 2)
    (multibracket ((2 1 1 0) (1) (2 0) (1)))))
  ((samples 580)
   (sums
    (145.77348721731008 28.278905536356419 -58.751210530734411
     -115.30118222293206))
   (prods
    ((117.54018293635055 -44.291072733705349 -37.056374389956
      -36.192735812689222)
     (-44.291072733705349 107.88440383260934 -39.923388625959035
      -23.669942472944996)
     (-37.056374389956 -39.923388625959035 89.631270453864744
      -12.651507437949725)
     (-36.192735812689222 -23.669942472944996 -12.651507437949725
      72.51418572358395)))))
 ((pools
   ((number_of_pools 1) (teams_per_pool 4) (cycles_per_pool 2)
    (multibracket ((2 1 1 0) (1) (1) (1)))))
  ((samples 580)
   (sums
    (145.77348721731008 28.278905536356419 -46.185226720471412
     -127.86716603319508))
   (prods
    ((117.54018293635055 -44.291072733705349 -23.889175897539403
      -49.359934305105796)
     (-44.291072733705349 107.88440383260934 -36.078827971074922
      -27.514503127829087)
     (-23.889175897539403 -36.078827971074922 72.071097932267051
      -12.103094063652728)
     (-49.359934305105796 -27.514503127829087 -12.103094063652728
      88.977531496587659)))))
 ((pools
   ((number_of_pools 1) (teams_per_pool 4) (cycles_per_pool 2)
    (multibracket ((4 0 0) (2 1 0) (1) (1)))))
  ((samples 580)
   (sums
    (167.22572979039944 11.291724584497965 -46.800062735756022
     -131.71739163914137))
   (prods
    ((150.29285448747447 -64.931487754972167 -25.628682785264644
      -59.732683947237689)
     (-64.931487754972167 125.66891828794385 -36.956673647707582
      -23.780756885264129)
     (-25.628682785264644 -36.956673647707582 76.004070616199243
      -13.41871418322703)
     (-59.732683947237689 -23.780756885264129 -13.41871418322703
      96.93215501572881)))))
 ((pools
   ((number_of_pools 1) (teams_per_pool 4) (cycles_per_pool 2)
    (multibracket ((4 0 0) (1) (2 0) (1)))))
  ((samples 196)
   (sums
    (58.014777393185852 25.359600723819817 -40.0034735055473
     -43.370904611458371))
   (prods
    ((55.411361382031323 -7.078316465160956 -25.106561113170937
      -23.22648380369942)
     (-7.078316465160956 43.339238330952405 -25.044473163009073
      -11.216448702782372)
     (-25.106561113170937 -25.044473163009073 47.452533866424325
      2.6985004097556859)
     (-23.22648380369942 -11.216448702782372 2.6985004097556859
      31.744432096726126)))))
 ((pools
   ((number_of_pools 1) (teams_per_pool 4) (cycles_per_pool 2)
    (multibracket ((2 1 0) (2 1 0) (1) (1)))))
  ((samples 580)
   (sums
    (133.97198019417488 20.043310935341943 -38.849911791681855
     -115.16537933783496))
   (prods
    ((102.79300094273232 -45.442997954851748 -20.352264509335367
      -36.99773847854518)
     (-45.442997954851748 99.694501344524625 -36.031108771827455
      -18.220394617845372)
     (-20.352264509335367 -36.031108771827455 73.8624640833101
      -17.479090802147269)
     (-36.99773847854518 -18.220394617845372 -17.479090802147269
      72.697223898537828)))))
 ((pools
   ((number_of_pools 1) (teams_per_pool 4) (cycles_per_pool 2)
    (multibracket ((2 1 0) (2 0) (1) (1)))))
  ((samples 580)
   (sums
    (133.97198019417488 19.160847340430923 -36.56104533838019
     -116.57178219622563))
   (prods
    ((102.79300094273232 -45.582167311809769 -22.525631250446622
      -34.685202380475914)
     (-45.582167311809769 101.1119978560821 -33.023772323910848
      -22.50605822036151)
     (-22.525631250446622 -33.023772323910848 71.4478484478376
      -15.898444873480166)
     (-34.685202380475914 -22.50605822036151 -15.898444873480166
      73.089705474317583)))))
 ((pools
   ((number_of_pools 1) (teams_per_pool 4) (cycles_per_pool 2)
    (multibracket ((2 1 0) (1) (2 0) (1)))))
  ((samples 580)
   (sums
    (133.97198019417488 37.766929858956722 -56.573530715296634
     -115.16537933783496))
   (prods
    ((102.79300094273232 -35.328956441349511 -30.4663060228376
      -36.99773847854518)
     (-35.328956441349511 107.62166638620162 -46.827797686755389
      -25.46491225809676)
     (-30.4663060228376 -46.827797686755389 87.528676871488841
      -10.234573161895884)
     (-36.99773847854518 -25.46491225809676 -10.234573161895884
      72.697223898537828)))))
 ((pools
   ((number_of_pools 1) (teams_per_pool 4) (cycles_per_pool 2)
    (multibracket ((2 1 0) (1) (1) (1)))))
  ((samples 580)
   (sums
    (133.97198019417488 37.766929858956722 -55.167127856905971
     -116.57178219622563))
   (prods
    ((102.79300094273232 -35.328956441349511 -32.778842120906873
      -34.685202380475914)
     (-35.328956441349511 107.62166638620162 -42.359886161033266
      -29.932823783818897)
     (-32.778842120906873 -42.359886161033266 83.610407591962883
      -8.4716793100227914)
     (-34.685202380475914 -29.932823783818897 -8.4716793100227914
      73.089705474317583)))))
 ((pools
   ((number_of_pools 1) (teams_per_pool 4) (cycles_per_pool 2)
    (multibracket ((2 0) (2 1 0) (2 0) (1)))))
  ((samples 580)
   (sums
    (163.35046471978725 5.3916145803896587 -60.242239730114953
     -108.499839570062))
   (prods
    ((137.90736449744907 -55.931859463779304 -42.097125875769748
      -39.878379157899964)
     (-55.931859463779304 109.24546757591543 -36.942155719750311
      -16.371452392385844)
     (-42.097125875769748 -36.942155719750311 89.741070005999561
      -10.701788410479514)
     (-39.878379157899964 -16.371452392385844 -10.701788410479514
      66.9516199607653)))))
 ((pools
   ((number_of_pools 1) (teams_per_pool 4) (cycles_per_pool 2)
    (multibracket ((2 0) (2 1 0) (1) (1)))))
  ((samples 580)
   (sums
    (163.35046471978725 5.3916145803896587 -40.874913266981878
     -127.86716603319508))
   (prods
    ((137.90736449744907 -55.931859463779304 -28.987582418462214
      -52.987922615207495)
     (-55.931859463779304 109.24546757591543 -31.663942859774153
      -21.649665252361991)
     (-28.987582418462214 -31.663942859774153 74.9914689072545
      -14.339943629018128)
     (-52.987922615207495 -21.649665252361991 -14.339943629018128
      88.977531496587659)))))
 ((pools
   ((number_of_pools 1) (teams_per_pool 4) (cycles_per_pool 2)
    (multibracket ((2 0) (2 0) (2 0) (1)))))
  ((samples 580)
   (sums
    (163.35046471978725 -0.14008401561306894 -55.486758705068056
     -107.72362199910621))
   (prods
    ((137.90736449744907 -61.61404973202221 -32.923239391268915
      -43.3700753741579)
     (-61.61404973202221 115.26808483249143 -39.349378919616576
      -14.304656180852723)
     (-32.923239391268915 -39.349378919616576 82.2851255309688
      -10.012507220083311)
     (-43.3700753741579 -14.304656180852723 -10.012507220083311
      67.687238775093945)))))
 ((pools
   ((number_of_pools 1) (teams_per_pool 4) (cycles_per_pool 2)
    (multibracket ((2 0) (2 0) (1) (1)))))
  ((samples 580)
   (sums
    (163.35046471978725 -0.14008401561306894 -46.638598507948622
     -116.57178219622563))
   (prods
    ((137.90736449744907 -61.61404973202221 -37.031281208861394
      -39.26203355656542)
     (-61.61404973202221 115.26808483249143 -32.993861813726063
      -20.66017328674322)
     (-37.031281208861394 -32.993861813726063 83.192641653596354
      -13.167498631008939)
     (-39.26203355656542 -20.66017328674322 -13.167498631008939
      73.089705474317583)))))
 ((pools
   ((number_of_pools 1) (teams_per_pool 4) (cycles_per_pool 2)
    (multibracket ((2 0) (1) (2 0) (1)))))
  ((samples 196)
   (sums
    (55.014000050484881 19.328428485662741 -29.669656667789713
     -44.672771868357913))
   (prods
    ((45.850868407754064 -8.1298243474670464 -19.067928046744338
      -18.653116013542672)
     (-8.1298243474670464 38.0918780821431 -20.099892795003324
      -9.8621609396727212)
     (-19.067928046744338 -20.099892795003324 40.451402540684228
      -1.2835816989365632)
     (-18.653116013542672 -9.8621609396727212 -1.2835816989365632
      29.798858652151957)))))
 ((pools
   ((number_of_pools 1) (teams_per_pool 4) (cycles_per_pool 2)
    (multibracket ((2 0) (1) (1) (1)))))
  ((samples 196)
   (sums
    (55.014000050484881 19.328428485662741 -33.775198577787762
     -40.567229958359853))
   (prods
    ((45.850868407754064 -8.1298243474670464 -24.6970106667617
      -13.024033393525309)
     (-8.1298243474670464 38.0918780821431 -18.577116145178771
      -11.384937589497278)
     (-24.6970106667617 -18.577116145178771 43.891359204740148
      -0.61723239279967168)
     (-13.024033393525309 -11.384937589497278 -0.61723239279967168
      25.026203375822259)))))
 ((pools
   ((number_of_pools 1) (teams_per_pool 4) (cycles_per_pool 2)
    (multibracket ((1) (2 1 0) (2 0) (1)))))
  ((samples 580)
   (sums
    (151.07389267743986 22.978500076226624 -58.751210530734411
     -115.30118222293206))
   (prods
    ((119.25674670477795 -40.227784013514011 -41.219392319547339
      -37.809570371716575)
     (-40.227784013514011 98.041262623799341 -35.7603706963677
      -22.053107913917621)
     (-41.219392319547339 -35.7603706963677 89.631270453864744
      -12.651507437949725)
     (-37.809570371716575 -22.053107913917621 -12.651507437949725
      72.51418572358395)))))
 ((pools
   ((number_of_pools 1) (teams_per_pool 4) (cycles_per_pool 2)
    (multibracket ((1) (2 1 0) (1) (1)))))
  ((samples 580)
   (sums
    (151.07389267743986 22.978500076226624 -46.185226720471412
     -127.86716603319508))
   (prods
    ((119.25674670477795 -40.227784013514011 -30.531879089672017
      -48.497083601591882)
     (-40.227784013514011 98.041262623799341 -29.436124778942315
      -28.377353831342997)
     (-30.531879089672017 -29.436124778942315 72.071097932267051
      -12.103094063652728)
     (-48.497083601591882 -28.377353831342997 -12.103094063652728
      88.977531496587659)))))
 ((pools
   ((number_of_pools 1) (teams_per_pool 4) (cycles_per_pool 2)
    (multibracket ((1) (2 0) (2 0) (1)))))
  ((samples 580)
   (sums
    (151.07389267743986 20.665017375691733 -56.573530715296634
     -115.16537933783496))
   (prods
    ((119.25674670477795 -41.7888198669372 -39.130835649978991
      -38.337091187861745)
     (-41.7888198669372 104.07764747533136 -38.163268059614005
      -24.125559548780195)
     (-39.130835649978991 -38.163268059614005 87.528676871488841
      -10.234573161895884)
     (-38.337091187861745 -24.125559548780195 -10.234573161895884
      72.697223898537828)))))
 ((pools
   ((number_of_pools 1) (teams_per_pool 4) (cycles_per_pool 2)
    (multibracket ((1) (2 0) (1) (1)))))
  ((samples 580)
   (sums
    (151.07389267743986 20.665017375691733 -55.167127856905971
     -116.57178219622563))
   (prods
    ((119.25674670477795 -41.7888198669372 -37.677521980128716
      -39.790404857712026)
     (-41.7888198669372 104.07764747533136 -37.461206301811416
      -24.827621306582778)
     (-37.677521980128716 -37.461206301811416 83.610407591962883
      -8.4716793100227914)
     (-39.790404857712026 -24.827621306582778 -8.4716793100227914
      73.089705474317583)))))
 ((pools
   ((number_of_pools 1) (teams_per_pool 4) (cycles_per_pool 2)
    (multibracket ((1) (1) (2 0) (1)))))
  ((samples 196)
   (sums
    (54.827875463322449 19.51455307282518 -29.669656667789713
     -44.672771868357913))
   (prods
    ((44.093335714174508 -5.9028775742666131 -20.137633402436013
      -18.05282473747187)
     (-5.9028775742666131 35.3955172293218 -19.030187439311643
      -10.46245221574352)
     (-20.137633402436013 -19.030187439311643 40.451402540684228
      -1.2835816989365632)
     (-18.05282473747187 -10.46245221574352 -1.2835816989365632
      29.798858652151957)))))
 ((pools
   ((number_of_pools 1) (teams_per_pool 4) (cycles_per_pool 2)
    (multibracket ((1) (1) (1) (1)))))
  ((samples 580)
   (sums
    (151.07389267743986 47.808068079336721 -82.310178560550952
     -116.57178219622563))
   (prods
    ((119.25674670477795 -21.784960845751378 -57.681381001314506
      -39.790404857712026)
     (-21.784960845751378 95.3893545475393 -43.881840032683378
      -29.722553669104542)
     (-57.681381001314506 -43.881840032683378 105.1399679814989
      -3.5767469475010261)
     (-39.790404857712026 -29.722553669104542 -3.5767469475010261
      73.089705474317583)))))
 ((pools
   ((number_of_pools 1) (teams_per_pool 4) (cycles_per_pool 3)
    (multibracket ((1) (1) (1) (1)))))
  ((samples 270580)
   (sums
    (42114.373884177861 12785.340726587783 -14406.017241356214
     -40493.697369409449))
   (prods
    ((29401.468556269039 -12786.973417829677 -8661.2050274661688
      -7953.2901109732038)
     (-12786.973417829677 32817.167114708827 -11894.959186676266
      -8135.23451020288)
     (-8661.2050274661688 -11894.959186676266 26940.361142537156
      -6384.1969283947437)
     (-7953.2901109732038 -8135.23451020288 -6384.1969283947437
      22472.72154957083))))))