(((round_robin 8)
  ((samples 30)
   (sums
    (32.150221635426561 20.786002731186453 1.5021840335014456
     1.3109279687717472 -7.7852649667744958 -9.7821762499976721
     -7.5877827561284441 -30.594112395985579))
   (prods
    ((60.564102154231648 17.787493573499265 -1.3091651915588791
      1.0321936569967805 -17.956887969877197 -13.325653087585955
      -10.508870760733704 -36.283212374971953)
     (17.787493573499265 40.409191860596529 -1.5463464551680242
      0.64505098195049482 -6.2342213116243874 -16.985342215028098
      -13.634110113164855 -20.44171632106093)
     (-1.3091651915588791 -1.5463464551680242 18.893329037206172
      -1.8543821767491535 -4.5524369340659376 -10.249017078445863
      2.1896979235803187 -1.571679124798635)
     (1.0321936569967805 0.64505098195049482 -1.8543821767491535
      18.81420779311356 -4.0748313009814394 -1.5324801530918548
      -7.2483380666466273 -5.7814207345917579)
     (-17.956887969877197 -6.2342213116243874 -4.5524369340659376
      -4.0748313009814394 19.958586613359781 6.5020645909061665
      3.4011110988990452 2.9566152133839663)
     (-13.325653087585955 -16.985342215028098 -10.249017078445863
      -1.5324801530918548 6.5020645909061665 32.6537897085729
      0.98613226267801224 1.9505059719946947)
     (-10.508870760733704 -13.634110113164855 2.1896979235803187
      -7.2483380666466273 3.4011110988990452 0.98613226267801224
      25.326251136665192 -0.51187348127739307)
     (-36.283212374971953 -20.44171632106093 -1.571679124798635
      -5.7814207345917579 2.9566152133839663 1.9505059719946947
      -0.51187348127739307 59.682780851322029))))))