(((round_robin 8)
  ((samples 15000)
   (sums
    (4670.2648773928322 2767.7797685798087 1433.697044643412
     264.88468480910961 -808.10069452195512 -1939.793883020111
     -2730.0091390145608 -3658.7226588685367))
   (prods
    ((4298.0451046333492 -333.14948489156137 -407.65319615973783
      -334.4603881505555 -453.24039257171069 -718.1199810401605
      -899.22746230225664 -1152.1941995173659)
     (-333.14948489156137 4090.4368523237167 -394.38279979197034
      -754.68559945791333 -560.35125213523338 -629.71057959953987
      -655.74550159525381 -762.41163485224513)
     (-407.65319615973783 -394.38279979197034 3548.2900451135565
      -429.28800539584404 -778.87258013591918 -535.77646632728033
      -536.08816618270657 -466.2288311200997)
     (-334.4603881505555 -754.68559945791333 -429.28800539584404
      3014.3931849399532 -306.1866931488309 -592.76664773485641
      -320.48771643077413 -276.5181346211786)
     (-453.24039257171069 -560.35125213523338 -778.87258013591918
      -306.1866931488309 2629.6624298184165 -201.07811597996596
      -262.05494575535863 -67.878450091397525)
     (-718.1199810401605 -629.71057959953987 -535.77646632728033
      -592.76664773485641 -201.07811597996596 2426.7153495388357
      153.15495174581167 97.581489397156162)
     (-899.22746230225664 -655.74550159525381 -536.08816618270657
      -320.48771643077413 -262.05494575535863 153.15495174581167
      2073.1709826769024 447.27785784363562)
     (-1152.1941995173659 -762.41163485224513 -466.2288311200997
      -276.5181346211786 -67.878450091397525 97.581489397156162
      447.27785784363562 2180.3719029614949))))))