(((pools
   ((number_of_pools 1) (teams_per_pool 5) (cycles_per_pool 1)
    (multibracket ((3)))))
  ((samples 30000)
   (sums
    (18597.978827259951 2620.4185164787077 -7065.28524479596
     -6106.5264375155948 -8046.5856614271179))
   (prods
    ((23005.342085785891 -2846.9469241812358 -9208.24045578694
      -5157.0602995543941 -5793.094406263348)
     (-2846.9469241812358 10335.389407841634 -3720.6052050432845
      -2177.0487860098638 -1590.788492607232)
     (-9208.24045578694 -3720.6052050432845 12083.804660191448
      -24.217320667428115 869.25832130622325)
     (-5157.0602995543941 -2177.0487860098638 -24.217320667428115
      6720.3019060907318 638.02450014095177)
     (-5793.094406263348 -1590.788492607232 869.25832130622325
      638.02450014095177 5876.6000774233862)))))
 ((pools
   ((number_of_pools 1) (teams_per_pool 5) (cycles_per_pool 1)
    (multibracket ((2) (2 0)))))
  ((samples 30000)
   (sums
    (15342.172821331409 -402.70176335478794 -2888.3280997359
     -4004.5572968136257 -8046.5856614271179))
   (prods
    ((17739.339250752804 -6162.06337668031 -3871.6887011230879
      -3073.7681278035107 -4631.8190451458795)
     (-6162.06337668031 10340.505074297873 -2207.1607535439862
      -1345.9342676405533 -625.34667643303976)
     (-3871.6887011230879 -2207.1607535439862 6829.6077113754509
      -259.00402712023026 -491.75422958813556)
     (-3073.7681278035107 -1345.9342676405533 -259.00402712023026
      4806.3865488206438 -127.68012625634432)
     (-4631.8190451458795 -625.34667643303976 -491.75422958813556
      -127.68012625634432 5876.6000774233862)))))
 ((pools
   ((number_of_pools 1) (teams_per_pool 5) (cycles_per_pool 1)
    (multibracket ((1) (4 0)))))
  ((samples 30000)
   (sums
    (10121.103421498785 6623.25195029731 -3503.68982452404
     -3095.7131396012728 -10144.952407670766))
   (prods
    ((9905.1920202805 -272.1098094849695 -3831.4995981031366
      -1746.7820424414274 -4054.8005702509531)
     (-272.1098094849695 9090.8911921104482 -3388.2333811479939
      -1922.9497388040945 -3507.5982626734049)
     (-3831.4995981031366 -3388.2333811479939 8199.97872971692
      -878.87767372946632 -101.36807673629067)
     (-1746.7820424414274 -1922.9497388040945 -878.87767372946632
      5048.9708316115293 -500.36137663653352)
     (-4054.8005702509531 -3507.5982626734049 -101.36807673629067
      -500.36137663653352 8164.1282862971748)))))
 ((pools
   ((number_of_pools 1) (teams_per_pool 5) (cycles_per_pool 1)
    (multibracket ((4 0)))))
  ((samples 20000)
   (sums
    (10252.11945352668 -422.82967395781867 429.83552042342581
     -4865.2790488877035 -5393.8462511045909))
   (prods
    ((11898.741540592993 -4193.11763218339 -974.59581836216466
      -3580.9318938786464 -3150.09619616882)
     (-4193.11763218339 6684.2729625216225 -1100.5808939705262
      -1055.6919865514574 -334.88244981624848)
     (-974.59581836216466 -1100.5808939705262 4433.7222118685586
      -1420.3633118367593 -938.18218769911846)
     (-3580.9318938786464 -1055.6919865514574 -1420.3633118367593
      5513.4798961829274 543.507296083929)
     (-3150.09619616882 -334.88244981624848 -938.18218769911846
      543.507296083929 3879.6535376002616)))))
 ((pools
   ((number_of_pools 1) (teams_per_pool 5) (cycles_per_pool 1)
    (multibracket ((2)))))
  ((samples 20000)
   (sums
    (10188.456317148268 -428.06039159762759 -351.8263321016799
     -4014.723342344339 -5393.8462511045909))
   (prods
    ((11837.760574150958 -4325.1114106984905 -1300.4421995696675
      -3146.2645168495119 -3065.9424470333306)
     (-4325.1114106984905 7001.1004084921015 -1185.6161832891817
      -1115.1687041677724 -375.20411033665408)
     (-1300.4421995696675 -1185.6161832891817 3917.4889252589096
      -564.85965789599118 -866.57088450406945)
     (-3146.2645168495119 -1115.1687041677724 -564.85965789599118
      4398.2289746394808 428.06390427378824)
     (-3065.9424470333306 -375.20411033665408 -866.57088450406945
      428.06390427378824 3879.6535376002616)))))
 ((pools
   ((number_of_pools 1) (teams_per_pool 5) (cycles_per_pool 1)
    (multibracket ((1) (2 0)))))
  ((samples 20000)
   (sums
    (6512.5585027394181 2067.4528036760671 828.5582870334481
     -4014.723342344339 -5393.8462511045909))
   (prods
    ((6271.5169793603091 -1568.11169880721 -808.94366901538388
      -1913.3981839656794 -1981.0634275720367)
     (-1568.11169880721 4910.5637530164331 -486.78218288519236
      -1653.3489707615204 -1202.3209005625135)
     (-808.94366901538388 -486.78218288519236 3679.6046898261352
      -1259.5457241860649 -1124.3331137394985)
     (-1913.3981839656794 -1653.3489707615204 -1259.5457241860649
      4398.2289746394808 428.06390427378824)
     (-1981.0634275720367 -1202.3209005625135 -1124.3331137394985
      428.06390427378824 3879.6535376002616))))))