(((pools
   ((number_of_pools 1) (teams_per_pool 5)
    (multibracket ((2 1 1 1 0) (1) (2 1 0) (1) (1)))))
  ((samples 3300)
   (sums
    (840.39931030528544 454.30665727213363 -167.2973810412675
     -376.85159056223557 -750.55699597391583))
   (prods
    ((720.83007432336876 -151.719915603103 -210.59522662165836
      -148.31014842696931 -210.20478367163795)
     (-151.719915603103 755.22196465554157 -239.24068446249285
      -177.75851655569735 -186.5028480342483)
     (-210.59522662165836 -239.24068446249285 631.32486713910623
      -112.7224411598142 -68.766514895140759)
     (-148.31014842696931 -177.75851655569735 -112.7224411598142
      471.88414452481067 -33.093038382329844)
     (-210.20478367163795 -186.5028480342483 -68.766514895140759
      -33.093038382329844 498.56718498335681)))))
 ((pools
   ((number_of_pools 1) (teams_per_pool 5)
    (multibracket ((2 1 1 1 0) (1) (2 0) (1) (1)))))
  ((samples 3300)
   (sums
    (840.39931030528544 454.30665727213363 -134.05353391416753
     -301.51827271400128 -859.13416094925))
   (prods
    ((720.83007432336876 -151.719915603103 -169.94337353090603
      -141.25515805300938 -257.91162713635021)
     (-151.719915603103 755.22196465554157 -228.01925731332585
      -152.71290855479842 -222.76988318431421)
     (-169.94337353090603 -228.01925731332585 590.623116803772
      -115.42833744996852 -77.232148509571417)
     (-141.25515805300938 -152.71290855479842 -115.42833744996852
      464.42763630813533 -55.031232250358954)
     (-257.91162713635021 -222.76988318431421 -77.232148509571417
      -55.031232250358954 612.94489108059474)))))
 ((pools
   ((number_of_pools 1) (teams_per_pool 5)
    (multibracket ((2 1 1 1 0) (1) (1) (2 0) (1)))))
  ((samples 3300)
   (sums
    (840.39931030528544 454.30665727213363 13.414849384173106
     -557.56382098767608 -750.55699597391583))
   (prods
    ((720.83007432336876 -151.719915603103 -133.5985064391391
      -225.30686860948853 -210.20478367163795)
     (-151.719915603103 755.22196465554157 -180.70880559490936
      -236.29039542328087 -186.5028480342483)
     (-133.5985064391391 -180.70880559490936 627.50620001106847
      -172.73901542237596 -140.45987255464411)
     (-225.30686860948853 -236.29039542328087 -172.73901542237596
      595.735960177972 38.60031927717349)
     (-210.20478367163795 -186.5028480342483 -140.45987255464411
      38.60031927717349 498.56718498335681)))))
 ((pools
   ((number_of_pools 1) (teams_per_pool 5)
    (multibracket ((2 1 1 1 0) (1) (1) (1) (1)))))
  ((samples 3300)
   (sums
    (840.39931030528544 454.30665727213363 13.414849384173106
     -448.986656012342 -859.13416094925))
   (prods
    ((720.83007432336876 -151.719915603103 -133.5985064391391
      -177.60002514477637 -257.91162713635021)
     (-151.719915603103 755.22196465554157 -180.70880559490936
      -200.02336027321491 -222.76988318431421)
     (-133.5985064391391 -180.70880559490936 627.50620001106847
      -175.1881498335724 -138.01073814344758)
     (-177.60002514477637 -200.02336027321491 -175.1881498335724
      547.0641778680465 5.7473573835171772)
     (-257.91162713635021 -222.76988318431421 -138.01073814344758
      5.7473573835171772 612.94489108059474)))))
 ((pools
   ((number_of_pools 1) (teams_per_pool 5)
    (multibracket ((2 3 0 0) (2 1 0) (1) (2 0) (1)))))
  ((samples 3300)
   (sums
    (1003.1095618887373 238.68530017031244 21.017206883832745
     -535.26640863306307 -727.54566030981891))
   (prods
    ((937.303885093711 -277.90285663785284 -146.00016260490224
      -263.67106684826223 -249.7297990026936)
     (-277.90285663785284 732.9398186616113 -159.99838526014122
      -176.7411996093989 -118.29737715421804)
     (-146.00016260490224 -159.99838526014122 581.32287586627649
      -154.1749163043649 -121.14941169686806)
     (-263.67106684826223 -176.7411996093989 -154.1749163043649
      594.66234115116242 -0.0751583891364398)
     (-249.7297990026936 -118.29737715421804 -121.14941169686806
      -0.0751583891364398 489.25174624291611)))))
 ((pools
   ((number_of_pools 1) (teams_per_pool 5)
    (multibracket ((2 3 0 0) (2 1 0) (1) (1) (1)))))
  ((samples 3300)
   (sums
    (1003.1095618887373 238.68530017031244 21.017206883832745
     -403.67790799363206 -859.13416094925))
   (prods
    ((937.303885093711 -277.90285663785284 -146.00016260490224
      -200.00599268120098 -313.39487316975487)
     (-277.90285663785284 732.9398186616113 -159.99838526014122
      -150.62119829638448 -144.41737846723242)
     (-146.00016260490224 -159.99838526014122 581.32287586627649
      -161.62692466761104 -113.69740333362193)
     (-200.00599268120098 -150.62119829638448 -161.62692466761104
      553.68935175518209 -41.435236109985595)
     (-313.39487316975487 -144.41737846723242 -113.69740333362193
      -41.435236109985595 612.94489108059474)))))
 ((pools
   ((number_of_pools 1) (teams_per_pool 5)
    (multibracket ((2 3 0 0) (1) (2 0) (2 0) (1)))))
  ((samples 3300)
   (sums
    (1003.1095618887373 598.28477569845847 -338.58226864431327
     -535.26640863306307 -727.54566030981891))
   (prods
    ((937.303885093711 -66.980080066952738 -356.92293917580236
      -263.67106684826223 -249.7297990026936)
     (-66.980080066952738 849.91179215267755 -329.58624065989443
      -244.40740113676 -208.93807028907023)
     (-356.92293917580236 -329.58624065989443 803.5266131747162
      -86.508714777003746 -30.5087185620158)
     (-263.67106684826223 -244.40740113676 -86.508714777003746
      594.66234115116242 -0.0751583891364398)
     (-249.7297990026936 -208.93807028907023 -30.5087185620158
      -0.0751583891364398 489.25174624291611)))))
 ((pools
   ((number_of_pools 1) (teams_per_pool 5)
    (multibracket ((2 3 0 0) (1) (2 0) (1) (1)))))
  ((samples 3300)
   (sums
    (1003.1095618887373 598.28477569845847 -338.58226864431327
     -403.67790799363206 -859.13416094925))
   (prods
    ((937.303885093711 -66.980080066952738 -356.92293917580236
      -200.00599268120098 -313.39487316975487)
     (-66.980080066952738 849.91179215267755 -329.58624065989443
      -224.46306676536238 -228.88240466046796)
     (-356.92293917580236 -329.58624065989443 803.5266131747162
      -87.785056198633143 -29.232377140386447)
     (-200.00599268120098 -224.46306676536238 -87.785056198633143
      553.68935175518209 -41.435236109985595)
     (-313.39487316975487 -228.88240466046796 -29.232377140386447
      -41.435236109985595 612.94489108059474)))))
 ((pools
   ((number_of_pools 1) (teams_per_pool 5)
    (multibracket ((4 0 1 0) (2 1 1 0) (1) (2 0) (1)))))
  ((samples 3300)
   (sums
    (862.34248238252053 267.20740685062555 45.51935679395028
     -497.2736128123862 -677.79563321470994))
   (prods
    ((750.98034552865806 -220.43219602235317 -122.98696443550912
      -201.24068249147408 -206.32050257932164)
     (-220.43219602235317 678.55677735468078 -158.08269604175129
      -197.43497705554717 -102.60690823502922)
     (-122.98696443550912 -158.08269604175129 564.1739981741265
      -177.99726390139838 -105.10707379546763)
     (-201.24068249147408 -197.43497705554717 -177.99726390139838
      581.03786856518639 -4.3649451167670552)
     (-206.32050257932164 -102.60690823502922 -105.10707379546763
      -4.3649451167670552 418.39942972658559)))))
 ((pools
   ((number_of_pools 1) (teams_per_pool 5)
    (multibracket ((4 0 1 0) (2 1 1 0) (1) (1) (1)))))
  ((samples 3300)
   (sums
    (862.34248238252053 267.20740685062555 45.51935679395028
     -364.20481969174426 -810.8644263353516))
   (prods
    ((750.98034552865806 -220.43219602235317 -122.98696443550912
      -169.49851260434386 -238.06267246645183)
     (-220.43219602235317 678.55677735468078 -158.08269604175129
      -152.65257392892718 -147.38931136164919)
     (-122.98696443550912 -158.08269604175129 564.1739981741265
      -146.8672239123554 -136.23711378451065)
     (-169.49851260434386 -152.65257392892718 -146.8672239123554
      515.558065151234 -46.539754705607642)
     (-238.06267246645183 -147.38931136164919 -136.23711378451065
      -46.539754705607642 568.22885231821931)))))
 ((pools
   ((number_of_pools 1) (teams_per_pool 5)
    (multibracket ((4 0 1 0) (2 0) (1) (2 0) (1)))))
  ((samples 3300)
   (sums
    (862.34248238252053 409.96296257616979 221.60644888935778
     -683.04746751269647 -810.8644263353516))
   (prods
    ((750.98034552865806 -167.66323637346119 -58.306354403193261
      -286.94808228555172 -238.06267246645183)
     (-167.66323637346119 745.94798953543363 -122.77518179768897
      -277.78684627436832 -177.72272508991503)
     (-58.306354403193261 -122.77518179768897 612.90713969819876
      -232.97953362386625 -198.84606987345032)
     (-286.94808228555172 -277.78684627436832 -232.97953362386625
      751.31184707218824 46.402615111597868)
     (-238.06267246645183 -177.72272508991503 -198.84606987345032
      46.402615111597868 568.22885231821931)))))
 ((pools
   ((number_of_pools 1) (teams_per_pool 5)
    (multibracket ((4 0 1 0) (1) (2 1 0) (2 0) (1)))))
  ((samples 3300)
   (sums
    (862.34248238252053 522.02845767967608 -209.30169403510041
     -497.2736128123862 -677.79563321470994))
   (prods
    ((750.98034552865806 -121.35643498663005 -222.0627254712324
      -201.24068249147408 -206.32050257932164)
     (-121.35643498663005 800.20656929523193 -259.1605405441108
      -257.42793093981055 -162.26166282468083)
     (-222.0627254712324 -259.1605405441108 644.67989523829419
      -118.00431001713501 -45.452319205816053)
     (-201.24068249147408 -257.42793093981055 -118.00431001713501
      581.03786856518639 -4.3649451167670552)
     (-206.32050257932164 -162.26166282468083 -45.452319205816053
      -4.3649451167670552 418.39942972658559)))))
 ((pools
   ((number_of_pools 1) (teams_per_pool 5)
    (multibracket ((4 0 1 0) (1) (2 1 0) (1) (1)))))
  ((samples 3300)
   (sums
    (862.34248238252053 522.02845767967608 -209.30169403510041
     -364.20481969174426 -810.8644263353516))
   (prods
    ((750.98034552865806 -121.35643498663005 -222.0627254712324
      -169.49851260434386 -238.06267246645183)
     (-121.35643498663005 800.20656929523193 -259.1605405441108
      -207.11687253500355 -212.57272122948783)
     (-222.0627254712324 -259.1605405441108 644.67989523829419
      -92.40292530627903 -71.053703916672049)
     (-169.49851260434386 -207.11687253500355 -92.40292530627903
      515.558065151234 -46.539754705607642)
     (-238.06267246645183 -212.57272122948783 -71.053703916672049
      -46.539754705607642 568.22885231821931)))))
 ((pools
   ((number_of_pools 1) (teams_per_pool 5)
    (multibracket ((4 0 1 0) (1) (1) (2 0) (1)))))
  ((samples 3300)
   (sums
    (862.34248238252053 522.02845767967608 109.5409537858515
     -683.04746751269647 -810.8644263353516))
   (prods
    ((750.98034552865806 -121.35643498663005 -104.61315579002445
      -286.94808228555172 -238.06267246645183)
     (-121.35643498663005 800.20656929523193 -166.4546590803661
      -299.82275399874828 -212.57272122948783)
     (-104.61315579002445 -166.4546590803661 646.00751450375435
      -210.94362589948628 -163.99607373387747)
     (-286.94808228555172 -299.82275399874828 -210.94362589948628
      751.31184707218824 46.402615111597868)
     (-238.06267246645183 -212.57272122948783 -163.99607373387747
      46.402615111597868 568.22885231821931)))))
 ((pools
   ((number_of_pools 1) (teams_per_pool 5)
    (multibracket ((2 1 1 0) (2 1 1 0) (1) (2 0) (1)))))
  ((samples 3300)
   (sums
    (851.335483811628 242.72714694608632 37.53870963007973
     -461.40034212468038 -670.200998263114))
   (prods
    ((735.58825585741442 -238.12327655357083 -111.74726905572946
      -189.65655693155546 -196.06115331655866)
     (-238.12327655357083 682.574192076229 -183.73384938462769
      -168.60187565765094 -92.115190480379624)
     (-111.74726905572946 -183.73384938462769 563.86177454140375
      -153.74244437208532 -114.63821172896135)
     (-189.65655693155546 -168.60187565765094 -153.74244437208532
      526.64823984704356 -14.647362885751726)
     (-196.06115331655866 -92.115190480379624 -114.63821172896135
      -14.647362885751726 417.46191841165148)))))
 ((pools
   ((number_of_pools 1) (teams_per_pool 5)
    (multibracket ((2 1 1 0) (2 1 1 0) (1) (1) (1)))))
  ((samples 3300)
   (sums
    (851.335483811628 242.72714694608632 37.53870963007973
     -366.18951161543509 -765.41182877235917))
   (prods
    ((735.58825585741442 -238.12327655357083 -111.74726905572946
      -154.39738828729833 -231.32032196081593)
     (-238.12327655357083 682.574192076229 -183.73384938462769
      -146.587098447008 -114.12996769102256)
     (-111.74726905572946 -183.73384938462769 563.86177454140375
      -139.79839501816281 -128.58226108288383)
     (-154.39738828729833 -146.587098447008 -139.79839501816281
      482.60045705510868 -41.8175753026397)
     (-231.32032196081593 -114.12996769102256 -128.58226108288383
      -41.8175753026397 515.85012603736186)))))
 ((pools
   ((number_of_pools 1) (teams_per_pool 5)
    (multibracket ((2 1 1 0) (2 1 0) (1) (2 0) (1)))))
  ((samples 3300)
   (sums
    (851.335483811628 294.60489563546429 60.893402924656016
     -501.96847120325265 -704.86531116849562))
   (prods
    ((735.58825585741442 -195.85153855338683 -116.39627226680291
      -215.35354240512348 -207.98690263210122)
     (-195.85153855338683 684.27223008841418 -175.54954170892648
      -192.05793041739636 -120.81321940870437)
     (-116.39627226680291 -175.54954170892648 587.58610086526642
      -162.63384929653142 -133.00643759300584)
     (-215.35354240512348 -192.05793041739636 -162.63384929653142
      566.42102178045479 3.6243003385965329)
     (-207.98690263210122 -120.81321940870437 -133.00643759300584
      3.6243003385965329 458.18225929521486)))))
 ((pools
   ((number_of_pools 1) (teams_per_pool 5)
    (multibracket ((2 1 1 0) (2 1 0) (1) (1) (1)))))
  ((samples 3300)
   (sums
    (851.335483811628 294.60489563546429 60.893402924656016
     -280.71115781348419 -926.12262455826442))
   (prods
    ((735.58825585741442 -195.85153855338683 -116.39627226680291
      -137.49611066153278 -285.84433437569203)
     (-195.85153855338683 684.27223008841418 -175.54954170892648
      -130.50355950028418 -182.36759032581656)
     (-116.39627226680291 -175.54954170892648 587.58610086526642
      -130.61381601567291 -165.0264708738643)
     (-137.49611066153278 -130.50355950028418 -130.61381601567291
      466.04256672667748 -67.42908054918766)
     (-285.84433437569203 -182.36759032581656 -165.0264708738643
      -67.42908054918766 700.66747612456084)))))
 ((pools
   ((number_of_pools 1) (teams_per_pool 5)
    (multibracket ((2 1 1 0) (2 0) (1) (2 0) (1)))))
  ((samples 3300)
   (sums
    (851.335483811628 358.96210045197489 141.31739028444807
     -586.20314577569206 -765.41182877235917))
   (prods
    ((735.58825585741442 -188.81000228467326 -84.439037011723954
      -231.01889460020149 -231.32032196081593)
     (-188.81000228467326 716.8125982504173 -150.28884826388028
      -225.38966795925225 -152.32407974261153)
     (-84.439037011723954 -150.28884826388028 604.19545904212964
      -206.861839582909 -162.60573418361642)
     (-231.01889460020149 -225.38966795925225 -206.861839582909
      632.870392292681 30.4000098496818)
     (-231.32032196081593 -152.32407974261153 -162.60573418361642
      30.4000098496818 515.85012603736186)))))
 ((pools
   ((number_of_pools 1) (teams_per_pool 5)
    (multibracket ((2 1 1 0) (2 0) (1) (1) (1)))))
  ((samples 3300)
   (sums
    (851.335483811628 358.96210045197489 141.31739028444807
     -425.49234998978704 -926.12262455826442))
   (prods
    ((735.58825585741442 -188.81000228467326 -84.439037011723954
      -176.49488218532531 -285.84433437569203)
     (-188.81000228467326 716.8125982504173 -150.28884826388028
      -180.21334068479672 -197.50040701706715)
     (-84.439037011723954 -150.28884826388028 604.19545904212964
      -174.4961043777883 -194.97146938873703)
     (-176.49488218532531 -180.21334068479672 -174.4961043777883
      553.5555925909747 -22.351265343064362)
     (-285.84433437569203 -197.50040701706715 -194.97146938873703
      -22.351265343064362 700.66747612456084)))))
 ((pools
   ((number_of_pools 1) (teams_per_pool 5)
    (multibracket ((2 1 1 0) (1) (2 1 0) (2 0) (1)))))
  ((samples 3300)
   (sums
    (851.335483811628 452.87700360345326 -172.6111470272873
     -461.40034212468038 -670.200998263114))
   (prods
    ((735.58825585741442 -144.84959860387372 -205.02094700542668
      -189.65655693155546 -196.06115331655866)
     (-144.84959860387372 761.57730001853577 -254.64403195016891
      -205.8754499444475 -156.20821952004559)
     (-205.02094700542668 -254.64403195016891 626.67903173017953
      -116.46887008528878 -50.545182689295366)
     (-189.65655693155546 -205.8754499444475 -116.46887008528878
      526.64823984704356 -14.647362885751726)
     (-196.06115331655866 -156.20821952004559 -50.545182689295366
      -14.647362885751726 417.46191841165148)))))
 ((pools
   ((number_of_pools 1) (teams_per_pool 5)
    (multibracket ((2 1 1 0) (1) (2 1 0) (1) (1)))))
  ((samples 3300)
   (sums
    (851.335483811628 452.87700360345326 -172.6111470272873
     -366.18951161543509 -765.41182877235917))
   (prods
    ((735.58825585741442 -144.84959860387372 -205.02094700542668
      -154.39738828729833 -231.32032196081593)
     (-144.84959860387372 761.57730001853577 -254.64403195016891
      -178.31072528948985 -183.77294417500323)
     (-205.02094700542668 -254.64403195016891 626.67903173017953
      -108.07476817568099 -58.939284598903185)
     (-154.39738828729833 -178.31072528948985 -108.07476817568099
      482.60045705510868 -41.8175753026397)
     (-231.32032196081593 -183.77294417500323 -58.939284598903185
      -41.8175753026397 515.85012603736186)))))
 ((pools
   ((number_of_pools 1) (teams_per_pool 5)
    (multibracket ((2 1 1 0) (1) (2 0) (2 0) (1)))))
  ((samples 3300)
   (sums
    (851.335483811628 452.87700360345326 -97.378705043333071
     -501.96847120325265 -704.86531116849562))
   (prods
    ((735.58825585741442 -144.84959860387372 -167.398212216316
      -215.35354240512348 -207.98690263210122)
     (-144.84959860387372 761.57730001853577 -230.66307026942221
      -217.50713689035783 -168.55749425488204)
     (-167.398212216316 -230.66307026942221 620.50808805613622
      -137.18464282357 -85.2621627468282)
     (-215.35354240512348 -217.50713689035783 -137.18464282357
      566.42102178045479 3.6243003385965329)
     (-207.98690263210122 -168.55749425488204 -85.2621627468282
      3.6243003385965329 458.18225929521486)))))
 ((pools
   ((number_of_pools 1) (teams_per_pool 5)
    (multibracket ((2 1 1 0) (1) (2 0) (1) (1)))))
  ((samples 3300)
   (sums
    (851.335483811628 452.87700360345326 -97.378705043333071
     -280.71115781348419 -926.12262455826442))
   (prods
    ((735.58825585741442 -144.84959860387372 -167.398212216316
      -137.49611066153278 -285.84433437569203)
     (-144.84959860387372 761.57730001853577 -230.66307026942221
      -152.21550639020955 -233.84912475503029)
     (-167.398212216316 -230.66307026942221 620.50808805613622
      -108.90186912574757 -113.54493644465059)
     (-137.49611066153278 -152.21550639020955 -108.90186912574757
      466.04256672667748 -67.42908054918766)
     (-285.84433437569203 -233.84912475503029 -113.54493644465059
      -67.42908054918766 700.66747612456084)))))
 ((pools
   ((number_of_pools 1) (teams_per_pool 5)
    (multibracket ((2 1 1 0) (1) (1) (2 0) (1)))))
  ((samples 3300)
   (sums
    (851.335483811628 452.87700360345326 47.4024871329697 -586.20314577569206
     -765.41182877235917))
   (prods
    ((735.58825585741442 -144.84959860387372 -128.39944069252346
      -231.01889460020149 -231.32032196081593)
     (-144.84959860387372 761.57730001853577 -186.30733101178274
      -246.64742622787605 -183.77294417500323)
     (-128.39944069252346 -186.30733101178274 631.467722769816
      -185.60408131428522 -131.15686975122466)
     (-231.01889460020149 -246.64742622787605 -185.60408131428522
      632.870392292681 30.4000098496818)
     (-231.32032196081593 -183.77294417500323 -131.15686975122466
      30.4000098496818 515.85012603736186)))))
 ((pools
   ((number_of_pools 1) (teams_per_pool 5)
    (multibracket ((2 1 1 0) (1) (1) (1) (1)))))
  ((samples 3300)
   (sums
    (851.335483811628 452.87700360345326 47.4024871329697 -425.49234998978704
     -926.12262455826442))
   (prods
    ((735.58825585741442 -144.84959860387372 -128.39944069252346
      -176.49488218532531 -285.84433437569203)
     (-144.84959860387372 761.57730001853577 -186.30733101178274
      -196.57124564784897 -233.84912475503029)
     (-128.39944069252346 -186.30733101178274 631.467722769816
      -158.13819941473608 -158.62275165077386)
     (-176.49488218532531 -196.57124564784897 -158.13819941473608
      553.5555925909747 -22.351265343064362)
     (-285.84433437569203 -233.84912475503029 -158.62275165077386
      -22.351265343064362 700.66747612456084)))))
 ((pools
   ((number_of_pools 1) (teams_per_pool 5)
    (multibracket ((4 0 0) (4 0 0) (1) (2 0) (1)))))
  ((samples 3300)
   (sums
    (1013.3630348223803 281.54250812487334 150.71453074704783
     -635.97005562659069 -809.65001806771056))
   (prods
    ((953.46378251709245 -285.78431230963378 -110.66181233672191
      -270.61974802645949 -286.39790984427725)
     (-285.78431230963378 801.61206202181518 -115.89434735316117
      -247.0862638494086 -152.84713850961174)
     (-110.66181233672191 -115.89434735316117 634.10089404719622
      -220.16703544580133 -187.3776989115118)
     (-270.61974802645949 -247.0862638494086 -220.16703544580133
      693.729639077081 44.143408244588464)
     (-286.39790984427725 -152.84713850961174 -187.3776989115118
      44.143408244588464 582.47933902081229)))))
 ((pools
   ((number_of_pools 1) (teams_per_pool 5)
    (multibracket ((4 0 0) (2 1 0) (2 1 0) (1) (1)))))
  ((samples 3300)
   (sums
    (1013.3630348223803 233.43044308825677 -153.47684766671767
     -332.58619769723373 -760.73043254668573))
   (prods
    ((953.46378251709245 -276.17694251913008 -241.87419273157059
      -170.49255849262758 -264.92008877376406)
     (-276.17694251913008 738.622515896104 -204.68898734393062
      -128.23369556905465 -129.5228904639884)
     (-241.87419273157059 -204.68898734393062 621.58056787665726
      -101.92551094830364 -73.091876852852351)
     (-170.49255849262758 -128.23369556905465 -101.92551094830364
      453.00586572812296 -52.35410071813709)
     (-264.92008877376406 -129.5228904639884 -73.091876852852351
      -52.35410071813709 519.8889568087418)))))
 ((pools
   ((number_of_pools 1) (teams_per_pool 5)
    (multibracket ((4 0 0) (2 1 0) (2 0) (1) (1)))))
  ((samples 3300)
   (sums
    (1013.3630348223803 233.43044308825677 -66.322169005553945
     -254.34868434681897 -926.12262455826442))
   (prods
    ((953.46378251709245 -276.17694251913008 -195.18423400607551
      -143.43159392022139 -338.67101207166519)
     (-276.17694251913008 738.622515896104 -197.11229098588856
      -99.54225499784738 -165.79102739323775)
     (-195.18423400607551 -197.11229098588856 630.44706798601669
      -119.0050494281323 -119.1454935659204)
     (-143.43159392022139 -99.54225499784738 -119.0050494281323
      439.03884143993815 -77.059943093737076)
     (-338.67101207166519 -165.79102739323775 -119.1454935659204
      -77.059943093737076 700.66747612456084)))))
 ((pools
   ((number_of_pools 1) (teams_per_pool 5)
    (multibracket ((4 0 0) (2 1 0) (1) (2 0) (1)))))
  ((samples 3300)
   (sums
    (1013.3630348223803 233.43044308825677 66.165326228499708
     -552.22837159245114 -760.73043254668573))
   (prods
    ((953.46378251709245 -276.17694251913008 -154.888805813051
      -257.47794541114718 -264.92008877376406)
     (-276.17694251913008 738.622515896104 -147.24219488777013
      -185.68048802521514 -129.5228904639884)
     (-154.888805813051 -147.24219488777013 626.982032060588
      -189.43254587113526 -135.41848548863163)
     (-257.47794541114718 -185.68048802521514 -189.43254587113526
      622.61847138985513 9.9725079176422167)
     (-264.92008877376406 -129.5228904639884 -135.41848548863163
      9.9725079176422167 519.8889568087418)))))
 ((pools
   ((number_of_pools 1) (teams_per_pool 5)
    (multibracket ((4 0 0) (2 1 0) (1) (1) (1)))))
  ((samples 3300)
   (sums
    (1013.3630348223803 233.43044308825677 66.165326228499708
     -386.83617958087268 -926.12262455826442))
   (prods
    ((953.46378251709245 -276.17694251913008 -154.888805813051
      -183.72702211324597 -338.67101207166519)
     (-276.17694251913008 738.622515896104 -147.24219488777013
      -149.41235109596579 -165.79102739323775)
     (-154.888805813051 -147.24219488777013 626.982032060588
      -174.19959604531917 -150.65143531444781)
     (-183.72702211324597 -149.41235109596579 -174.19959604531917
      552.89297059974069 -45.554001345209691)
     (-338.67101207166519 -165.79102739323775 -150.65143531444781
      -45.554001345209691 700.66747612456084)))))
 ((pools
   ((number_of_pools 1) (teams_per_pool 5)
    (multibracket ((4 0 0) (1) (2 0) (2 0) (1)))))
  ((samples 3300)
   (sums
    (1013.3630348223803 631.11888081366089 -331.52311149690445
     -552.22837159245114 -760.73043254668573))
   (prods
    ((953.46378251709245 -55.692988921515045 -375.37275941066605
      -257.47794541114718 -264.92008877376406)
     (-55.692988921515045 881.37636650630418 -331.61243670673196
      -264.57669840231 -229.49424247574717)
     (-375.37275941066605 -331.61243670673196 852.96866508831124
      -110.53633549404044 -35.447133476872914)
     (-257.47794541114718 -264.57669840231 -110.53633549404044
      622.61847138985513 9.9725079176422167)
     (-264.92008877376406 -229.49424247574717 -35.447133476872914
      9.9725079176422167 519.8889568087418)))))
 ((pools
   ((number_of_pools 1) (teams_per_pool 5)
    (multibracket ((4 0 0) (1) (2 0) (1) (1)))))
  ((samples 3300)
   (sums
    (1013.3630348223803 631.11888081366089 -331.52311149690445
     -386.83617958087268 -926.12262455826442))
   (prods
    ((953.46378251709245 -55.692988921515045 -375.37275941066605
      -183.72702211324597 -338.67101207166519)
     (-55.692988921515045 881.37636650630418 -331.61243670673196
      -235.69640046780611 -258.37454041025103)
     (-375.37275941066605 -331.61243670673196 852.96866508831124
      -87.915546673478815 -58.067922297434535)
     (-183.72702211324597 -235.69640046780611 -87.915546673478815
      552.89297059974069 -45.554001345209691)
     (-338.67101207166519 -258.37454041025103 -58.067922297434535
      -45.554001345209691 700.66747612456084)))))
 ((pools
   ((number_of_pools 1) (teams_per_pool 5)
    (multibracket ((2 1 0) (2 1 1 0) (2 1 0) (1) (1)))))
  ((samples 3300)
   (sums
    (932.483280487583 235.18559187634057 -89.933438042360763
     -373.66239346312659 -704.07304085843646))
   (prods
    ((846.18482983195122 -273.72336873158144 -162.41678609126126
      -178.48945205016324 -231.55522295894539)
     (-273.72336873158144 700.967787118187 -184.66177080725697
      -135.66825515055024 -106.91439242879802)
     (-162.41678609126126 -184.66177080725697 554.86957114289021
      -126.12722426497606 -81.663789979395659)
     (-178.48945205016324 -135.66825515055024 -126.12722426497606
      481.57760997560587 -41.292678509916335)
     (-231.55522295894539 -106.91439242879802 -81.663789979395659
      -41.292678509916335 461.42608387705531)))))
 ((pools
   ((number_of_pools 1) (teams_per_pool 5)
    (multibracket ((2 1 0) (2 1 1 0) (2 0) (1) (1)))))
  ((samples 3300)
   (sums
    (932.483280487583 235.18559187634057 -40.0099432952719 -268.5247681194017
     -859.13416094925))
   (prods
    ((846.18482983195122 -273.72336873158144 -139.56983694548944
      -124.74138447676924 -308.15023967811129)
     (-273.72336873158144 700.967787118187 -173.71905879203453
      -119.94272636671725 -133.58263322785353)
     (-139.56983694548944 -173.71905879203453 552.98660117622592
      -138.3107311919442 -101.38697424675779)
     (-124.74138447676924 -119.94272636671725 -138.3107311919442
      452.81988596330291 -69.825043927872215)
     (-308.15023967811129 -133.58263322785353 -101.38697424675779
      -69.825043927872215 612.94489108059474)))))
 ((pools
   ((number_of_pools 1) (teams_per_pool 5)
    (multibracket ((2 1 0) (2 1 1 0) (1) (2 0) (1)))))
  ((samples 3300)
   (sums
    (932.483280487583 235.18559187634057 43.038184851177874
     -506.6340163566652 -704.07304085843646))
   (prods
    ((846.18482983195122 -273.72336873158144 -105.3013970529595
      -235.60484108846507 -231.55522295894539)
     (-273.72336873158144 700.967787118187 -146.77385116635244
      -173.55617479145494 -106.91439242879802)
     (-105.3013970529595 -146.77385116635244 550.58475204664592
      -164.83616010602577 -133.6733437213083)
     (-235.60484108846507 -173.55617479145494 -164.83616010602577
      563.28030075394952 10.716875231996282)
     (-231.55522295894539 -106.91439242879802 -133.6733437213083
      10.716875231996282 461.42608387705531)))))
 ((pools
   ((number_of_pools 1) (teams_per_pool 5)
    (multibracket ((2 1 0) (2 1 1 0) (1) (1) (1)))))
  ((samples 3300)
   (sums
    (932.483280487583 235.18559187634057 43.038184851177874
     -351.57289626585151 -859.13416094925))
   (prods
    ((846.18482983195122 -273.72336873158144 -105.3013970529595
      -159.00982436929908 -308.15023967811129)
     (-273.72336873158144 700.967787118187 -146.77385116635244
      -146.88793399239938 -133.58263322785353)
     (-105.3013970529595 -146.77385116635244 550.58475204664592
      -160.18055910314345 -138.32894472419062)
     (-159.00982436929908 -146.88793399239938 -160.18055910314345
      498.9613909152813 -32.88307345043939)
     (-308.15023967811129 -133.58263322785353 -138.32894472419062
      -32.88307345043939 612.94489108059474)))))
 ((pools
   ((number_of_pools 1) (teams_per_pool 5)
    (multibracket ((2 1 0) (4 0 0) (1) (2 0) (1)))))
  ((samples 3300)
   (sums
    (932.483280487583 332.87445029004925 153.05800252476774
     -634.39356578224613 -784.022167520154))
   (prods
    ((846.18482983195122 -233.69459968960507 -93.927211008635666
      -259.06397669464309 -259.49904243906769)
     (-233.69459968960507 770.95023002455991 -101.63720047409502
      -273.55754596376619 -162.06088389709362)
     (-93.927211008635666 -101.63720047409502 593.17237836513743
      -207.08655254339047 -190.52141433901642)
     (-259.06397669464309 -273.55754596376619 -207.08655254339047
      683.12315595306347 56.584919248736249)
     (-259.49904243906769 -162.06088389709362 -190.52141433901642
      56.584919248736249 555.49642142644143)))))
 ((pools
   ((number_of_pools 1) (teams_per_pool 5)
    (multibracket ((2 1 0) (2 1 0) (2 1 0) (1) (1)))))
  ((samples 3300)
   (sums
    (932.483280487583 259.2639202723887 -96.836329574696123
     -364.84887268206575 -730.06199850321))
   (prods
    ((846.18482983195122 -238.97466746164963 -194.31115817422133
      -173.55505262544673 -239.34395157063369)
     (-238.97466746164963 684.49810442503019 -186.86455452871647
      -139.52498376424475 -119.13389867041933)
     (-194.31115817422133 -186.86455452871647 586.98282459750135
      -124.78112939341939 -81.02598250114427)
     (-173.55505262544673 -139.52498376424475 -124.78112939341939
      485.09944755464528 -47.2382817715345)
     (-239.34395157063369 -119.13389867041933 -81.02598250114427
      -47.2382817715345 486.74211451373174)))))
 ((pools
   ((number_of_pools 1) (teams_per_pool 5)
    (multibracket ((2 1 0) (2 1 0) (2 0) (1) (1)))))
  ((samples 3300)
   (sums
    (932.483280487583 259.2639202723887 -27.341326799973693
     -238.28324940173391 -926.12262455826442))
   (prods
    ((846.18482983195122 -238.97466746164963 -160.14959333735135
      -122.93964519297172 -324.12092383997867)
     (-238.97466746164963 684.49810442503019 -178.1762867274297
      -98.615585528398242 -168.73156470755248)
     (-160.14959333735135 -178.1762867274297 588.3252647748875
      -131.10757531982995 -118.89180939027658)
     (-122.93964519297172 -98.615585528398242 -131.10757531982995
      441.58598422795274 -88.92317818675285)
     (-324.12092383997867 -168.73156470755248 -118.89180939027658
      -88.92317818675285 700.66747612456084)))))
 ((pools
   ((number_of_pools 1) (teams_per_pool 5)
    (multibracket ((2 1 0) (2 1 0) (1) (2 0) (1)))))
  ((samples 3300)
   (sums
    (932.483280487583 259.2639202723887 54.999548949763664
     -516.68475120652568 -730.06199850321))
   (prods
    ((846.18482983195122 -238.97466746164963 -130.4713067085323
      -237.39490409113577 -239.34395157063369)
     (-238.97466746164963 684.49810442503019 -140.29708016870683
      -186.09245812425428 -119.13389867041933)
     (-130.4713067085323 -140.29708016870683 591.35127001708747
      -177.51353505353251 -143.06934808631587)
     (-237.39490409113577 -186.09245812425428 -177.51353505353251
      586.19581345528559 14.805083813637065)
     (-239.34395157063369 -119.13389867041933 -143.06934808631587
      14.805083813637065 486.74211451373174)))))
 ((pools
   ((number_of_pools 1) (teams_per_pool 5)
    (multibracket ((2 1 0) (2 1 0) (1) (1) (1)))))
  ((samples 3300)
   (sums
    (932.483280487583 259.2639202723887 54.999548949763664
     -320.62412515147128 -926.12262455826442))
   (prods
    ((846.18482983195122 -238.97466746164963 -130.4713067085323
      -152.61793182179071 -324.12092383997867)
     (-238.97466746164963 684.49810442503019 -140.29708016870683
      -136.49479208712114 -168.73156470755248)
     (-130.4713067085323 -140.29708016870683 591.35127001708747
      -158.50609313663804 -162.07679000321028)
     (-152.61793182179071 -136.49479208712114 -158.50609313663804
      493.35701461936907 -45.73819757381915)
     (-324.12092383997867 -168.73156470755248 -162.07679000321028
      -45.73819757381915 700.66747612456084)))))
 ((pools
   ((number_of_pools 1) (teams_per_pool 5)
    (multibracket ((2 1 0) (2 0) (2 1 0) (1) (1)))))
  ((samples 3300)
   (sums
    (932.483280487583 447.875488563998 -166.27446891136114
     -354.95013919096988 -859.13416094925))
   (prods
    ((846.18482983195122 -139.40534446045703 -238.05180784456013
      -160.577437848823 -308.15023967811129)
     (-139.40534446045703 758.78442916501183 -238.74549782483052
      -179.43534248065109 -201.19824439907319)
     (-238.05180784456013 -238.74549782483052 663.089162985082
      -120.47254336819717 -65.8193139474943)
     (-160.577437848823 -179.43534248065109 -120.47254336819717
      498.26241675358744 -37.7770930559161)
     (-308.15023967811129 -201.19824439907319 -65.8193139474943
      -37.7770930559161 612.94489108059474)))))
 ((pools
   ((number_of_pools 1) (teams_per_pool 5)
    (multibracket ((2 1 0) (2 0) (2 0) (1) (1)))))
  ((samples 3300)
   (sums
    (932.483280487583 447.875488563998 -138.17814004369754
     -316.05800444961938 -926.12262455826442))
   (prods
    ((846.18482983195122 -139.40534446045703 -221.81758425854812
      -160.84097727296751 -324.12092383997867)
     (-139.40534446045703 758.78442916501183 -224.27240918381074
      -166.32245147084706 -228.78422404989698)
     (-221.81758425854812 -224.27240918381074 661.38976140056332
      -115.26626022705202 -100.03350773115274)
     (-160.84097727296751 -166.32245147084706 -115.26626022705202
      490.15850947439878 -47.728820503532184)
     (-324.12092383997867 -228.78422404989698 -100.03350773115274
      -47.728820503532184 700.66747612456084)))))
 ((pools
   ((number_of_pools 1) (teams_per_pool 5)
    (multibracket ((2 1 0) (2 0) (1) (2 0) (1)))))
  ((samples 3300)
   (sums
    (932.483280487583 447.875488563998 232.53357264395297 -753.75818074628387
     -859.13416094925))
   (prods
    ((846.18482983195122 -139.40534446045703 -43.233713267321022
      -355.39553242606206 -308.15023967811129)
     (-139.40534446045703 758.78442916501183 -107.6545790071484
      -310.52626129833322 -201.19824439907319)
     (-43.233713267321022 -107.6545790071484 608.444872615258
      -246.22646451787881 -211.33011582290973)
     (-355.39553242606206 -310.52626129833322 -246.22646451787881
      804.41454942277448 107.7337088194993)
     (-308.15023967811129 -201.19824439907319 -211.33011582290973
      107.7337088194993 612.94489108059474)))))
 ((pools
   ((number_of_pools 1) (teams_per_pool 5)
    (multibracket ((2 1 0) (2 0) (1) (1) (1)))))
  ((samples 3300)
   (sums
    (932.483280487583 447.875488563998 232.53357264395297 -686.76971713726982
     -926.12262455826442))
   (prods
    ((846.18482983195122 -139.40534446045703 -43.233713267321022
      -339.42484826419468 -324.12092383997867)
     (-139.40534446045703 758.78442916501183 -107.6545790071484
      -282.94028164750944 -228.78422404989698)
     (-43.233713267321022 -107.6545790071484 608.444872615258
      -228.50896198045342 -229.04761836033509)
     (-339.42484826419468 -282.94028164750944 -228.50896198045342
      769.58880176650734 81.285290125650121)
     (-324.12092383997867 -228.78422404989698 -229.04761836033509
      81.285290125650121 700.66747612456084)))))
 ((pools
   ((number_of_pools 1) (teams_per_pool 5)
    (multibracket ((2 1 0) (1) (2 1 0) (2 0) (1)))))
  ((samples 3300)
   (sums
    (932.483280487583 504.30819537978658 -226.08441865226811
     -506.6340163566652 -704.07304085843646))
   (prods
    ((846.18482983195122 -126.86818932624256 -252.15657645829847
      -235.60484108846507 -231.55522295894539)
     (-126.86818932624256 784.5599223418842 -254.53252586677817
      -224.93987863498765 -178.21932851387567)
     (-252.15657645829847 -254.53252586677817 682.50996622380023
      -113.45245626249309 -62.368407636230586)
     (-235.60484108846507 -224.93987863498765 -113.45245626249309
      563.28030075394952 10.716875231996282)
     (-231.55522295894539 -178.21932851387567 -62.368407636230586
      10.716875231996282 461.42608387705531)))))
 ((pools
   ((number_of_pools 1) (teams_per_pool 5)
    (multibracket ((2 1 0) (1) (2 1 0) (1) (1)))))
  ((samples 3300)
   (sums
    (932.483280487583 504.30819537978658 -226.08441865226811
     -351.57289626585151 -859.13416094925))
   (prods
    ((846.18482983195122 -126.86818932624256 -252.15657645829847
      -159.00982436929908 -308.15023967811129)
     (-126.86818932624256 784.5599223418842 -254.53252586677817
      -183.60521050338963 -219.55399664547366)
     (-252.15657645829847 -254.53252586677817 682.50996622380023
      -123.46328259215319 -52.3575813065705)
     (-159.00982436929908 -183.60521050338963 -123.46328259215319
      498.9613909152813 -32.88307345043939)
     (-308.15023967811129 -219.55399664547366 -52.3575813065705
      -32.88307345043939 612.94489108059474)))))
 ((pools
   ((number_of_pools 1) (teams_per_pool 5)
    (multibracket ((2 1 0) (1) (2 0) (2 0) (1)))))
  ((samples 3300)
   (sums
    (932.483280487583 504.30819537978658 -190.04472615763427
     -516.68475120652568 -730.06199850321))
   (prods
    ((846.18482983195122 -126.86818932624256 -242.57778484393938
      -237.39490409113577 -239.34395157063369)
     (-126.86818932624256 784.5599223418842 -243.59383967078159
      -227.64047259867016 -186.4574207461898)
     (-242.57778484393938 -243.59383967078159 697.88297110438316
      -135.96552057911668 -75.7458260105454)
     (-237.39490409113577 -227.64047259867016 -135.96552057911668
      586.19581345528559 14.805083813637065)
     (-239.34395157063369 -186.4574207461898 -75.7458260105454
      14.805083813637065 486.74211451373174)))))
 ((pools
   ((number_of_pools 1) (teams_per_pool 5)
    (multibracket ((2 1 0) (1) (2 0) (1) (1)))))
  ((samples 3300)
   (sums
    (932.483280487583 504.30819537978658 -190.04472615763427
     -320.62412515147128 -926.12262455826442))
   (prods
    ((846.18482983195122 -126.86818932624256 -242.57778484393938
      -152.61793182179071 -324.12092383997867)
     (-126.86818932624256 784.5599223418842 -243.59383967078159
      -180.49382516396008 -233.6040681808999)
