(((proper (2 3 2 0 0))
  ((samples 1258000)
   (sums
    (857098.69790621416 456115.74510161078 102755.45797653923
     -148626.07057548841 -159091.30296374785 -494132.57331010775
     -614119.954135019))
   (prods
    ((1337132.9569236164 133662.63580905605 -232671.06950890252
      -242113.64731418947 -158581.51543337826 -407242.37374289596
      -430186.98673330556)
     (133662.63580905605 1003683.9399003671 -195460.00593232192
      -234973.64575556625 -142949.58751342571 -307317.52916792058
      -256645.80734018821)
     (-232671.06950890252 -195460.00593232192 941153.77450528659
      -134355.34941408088 -130645.72071553819 -145862.99518326382
      -102158.6337511786)
     (-242113.64731418947 -234973.64575556625 -134355.34941408088
      882961.54624842037 -79553.727776574917 -178495.18796027976
      -13469.98802772994)
     (-158581.51543337826 -142949.58751342571 -130645.72071553819
      -79553.727776574917 596575.26928687713 -52994.5714122505
      -31850.146435710692)
     (-407242.37374289596 -307317.52916792058 -145862.99518326382
      -178495.18796027976 -52994.5714122505 1062734.4779162414
      29178.179550368965)
     (-430186.98673330556 -256645.80734018821 -102158.6337511786
      -13469.98802772994 -31850.146435710692 29178.179550368965
      805133.382737744)))))
 ((proper (2 3 2 0))
  ((samples 1258001)
   (sums
    (1067560.0915446514 246191.04930227553 218849.15244983209
     -266063.39571882004 -51644.621934368581 -600513.19714048679
     -614379.07850308274))
   (prods
    ((1810666.2062298129 -61214.830818270631 -94897.721793621211
      -390589.34629573184 -146680.30548601181 -573826.65752960392
      -543457.34430656768)
     (-61214.830818270631 923141.54049918579 -68521.237131505724
      -354004.76078346913 -87770.163400530117 -207423.48866067547
      -144207.05970473585)
     (-94897.721793621211 -68521.237131505724 919090.00765379379
      -162423.57395939922 -190694.77304667039 -229228.53099347177
      -173324.17072912373)
     (-390589.34629573184 -354004.76078346913 -162423.57395939922
      963530.90182049223 -80812.226028329926 -33202.82118146804
      57501.826427908447)
     (-146680.30548601181 -87770.163400530117 -190694.77304667039
      -80812.226028329926 781969.57216956874 -130362.71546744813
      -145649.38874057893)
     (-573826.65752960392 -207423.48866067547 -229228.53099347177
      -33202.82118146804 -130362.71546744813 1031026.9573310671
      143017.25650159986)
     (-543457.34430656768 -144207.05970473585 -173324.17072912373
      57501.826427908447 -145649.38874057893 143017.25650159986
      806118.880551499))))))