(((pools
   ((number_of_pools 2) (teams_per_pool 5) (cycles_per_pool 1)
    (multibracket ((4 6 0 0 0)))))
  ((samples 4856)
   (sums
    (1951.5744139161998 1720.5637316782208 1363.317676873269
     375.48028976707633 417.57878766124486 -350.9014360193006
     -1041.6254908101646 -1641.5904548214553 -1111.0223827830305
     -1683.3751354620549))
   (prods
    ((1995.2595454118295 402.72337036097917 347.07213561982883
      -83.1593071044754 43.150641310842666 -248.90938361316989
      -545.0918875992628 -747.96151485491987 -466.3183549855296
      -696.765244546124)
     (402.72337036097917 2069.5763496957438 273.35069562675244
      -96.560711793594749 -12.884816399854518 -288.54327098489796
      -526.67233048451089 -758.706283282776 -426.44541757771333
      -635.83758516012654)
     (347.07213561982883 273.35069562675244 1818.7617248957267
      -109.49313831078979 -10.055854865502029 -240.721559835251
      -482.05426992788904 -633.49715604174548 -407.58804103890986
      -555.77453612221973)
     (-83.1593071044754 -96.560711793594749 -109.49313831078979
      1430.96272396043 -64.5535591592153 -166.35246575142446
      -269.4919824283171 -263.16373184844889 -179.06625975730202
      -199.12156780686217)
     (43.150641310842666 -12.884816399854518 -10.055854865502029
      -64.5535591592153 1209.3168071301193 -153.72708340505326
      -243.73691089703908 -320.45412487011657 -202.67195513504592
      -244.3831437091354)
     (-248.90938361316989 -288.54327098489796 -240.721559835251
      -166.35246575142446 -153.72708340505326 1182.2961511669648
      -50.968920596294453 -30.482113711670035 -13.657728140380007
      11.066374871176041)
     (-545.0918875992628 -526.67233048451089 -482.05426992788904
      -269.4919824283171 -243.73691089703908 -50.968920596294453
      1394.2754980308521 252.63085121229255 177.1766654270738
      293.93328726309494)
     (-747.96151485491987 -758.706283282776 -633.49715604174548
      -263.16373184844889 -320.45412487011657 -30.482113711670035
      252.63085121229255 1744.5939660210652 279.66935994581752
      477.37074743050243)
     (-466.3183549855296 -426.44541757771333 -407.58804103890986
      -179.06625975730202 -202.67195513504592 -13.657728140380007
      177.1766654270738 279.66935994581752 913.162142743235
      325.73958851875318)
     (-696.765244546124 -635.83758516012654 -555.77453612221973
      -199.12156780686217 -244.3831437091354 11.066374871176041
      293.93328726309494 477.37074743050243 325.73958851875318
      1223.7720792609423)))))
 ((pools
   ((number_of_pools 2) (teams_per_pool 5) (cycles_per_pool 1)
    (multibracket ((8 0 2 0 0)))))
  ((samples 95684)
   (sums
    (34114.165549423975 30669.593082698841 23744.790341007756
     3869.8267483517652 9319.1001932108284 -5052.1773345187894
     -6201.0094003273844 -18693.76279465717 -30262.880624834626
     -41507.645760355175))
   (prods
    ((33254.740596622032 4726.9783239422532 4080.7615200086416
      -2807.4507901369975 1614.2386535149437 -3370.1698898185023
      -3095.6696614320549 -7395.1669625097038 -11537.620079048524
      -15470.6417111421)
     (4726.9783239422532 37309.512872661333 2998.5520352835606
      -3671.7210978687817 248.5851890355319 -4322.9525836192706
      -3696.5992363384867 -7593.7043591639458 -11154.876609412575
      -14843.774534519634)
     (4080.7615200086416 2998.5520352835606 33416.962538983513
      -3747.4212276676676 -315.50784277283145 -4146.6381839499763
      -3729.9842022678531 -6718.6469058935572 -9581.4790756778657
      -12256.598656045962)
     (-2807.4507901369975 -3671.7210978687817 -3747.4212276676676
      27103.533802884158 -1683.0961770634542 -2748.8236957310396
      -2219.8376409244975 -2885.9405729810928 -3442.8281391437804
      -3896.4144613668605)
     (1614.2386535149437 248.5851890355319 -315.50784277283145
      -1683.0961770634542 22009.241278030666 -2861.9900487658806
      -2620.60277993764 -4309.7181980188871 -5488.3851394076864
      -6592.7649346147718)
     (-3370.1698898185023 -4322.9525836192706 -4146.6381839499763
      -2748.8236957310396 -2861.9900487658806 20847.669467504344
      -1318.4265903612109 -1093.4887434608224 -779.17965997713361
      -206.00007182049256)
     (-3095.6696614320549 -3696.5992363384867 -3729.9842022678531
      -2219.8376409244975 -2620.60277993764 -1318.4265903612109
      17190.060316655661 -496.54058203594195 -231.07948530132325
      218.67986194334813)
     (-7395.1669625097038 -7593.7043591639458 -6718.6469058935572
      -2885.9405729810928 -4309.7181980188871 -1093.4887434608224
      -496.54058203594195 20133.586149384289 4201.171948534914
      6158.4482261447356)
     (-11537.620079048524 -11154.876609412575 -9581.4790756778657
      -3442.8281391437804 -5488.3851394076864 -779.17965997713361
      -231.07948530132325 4201.171948534914 26197.414817988119
      11816.861421445859)
     (-15470.6417111421 -14843.774534519634 -12256.598656045962
      -3896.4144613668605 -6592.7649346147718 -206.00007182049256
      218.67986194334813 6158.4482261447356 11816.861421445859
      35072.204859975878)))))
 ((pools
   ((number_of_pools 2) (teams_per_pool 5) (cycles_per_pool 1)
    (multibracket ((4 2 2 0 0)))))
  ((samples 95684)
   (sums
    (33677.200156154329 30004.366666590227 22265.288079825808
     2571.7438313334583 7493.1235283454025 -7027.30956823747
     -8735.3849751535035 -20939.002377030316 -23961.060899895489
     -35348.964441932476))
   (prods
    ((32431.989650924934 4433.6082280225983 3170.5527933548506
      -3305.6427869390927 1063.1814595550516 -3967.9033026149841
      -3926.0011479194168 -8130.7871700892183 -8901.5582811820041
      -12867.439443112711)
     (4433.6082280225983 36586.2372885277 2347.2940095318695
      -4206.1912442385674 -713.56922246994407 -5171.1245825759415
      -4390.125665805248 -8266.8483023622957 -8579.3884521470991
      -12039.892056483059)
     (3170.5527933548506 2347.2940095318695 32660.675976387411
      -4204.83601709541 -1118.3612054996017 -4960.7481453219707
      -4179.3712495187192 -6981.8462391873773 -6925.0207433071982
      -9808.3391793438568)
     (-3305.6427869390927 -4206.1912442385674 -4204.83601709541
      26967.213969845456 -2206.3077389143846 -2997.2274041060464
      -2541.0605715045594 -2871.062898805008 -2190.9910428298276
      -2443.89426541254)
     (1063.1814595550516 -713.56922246994407 -1118.3612054996017
      -2206.3077389143846 21519.40330738547 -3346.0858603341176
      -2676.2027333432879 -3815.0004876980415 -4049.2544112953524
      -4657.8031073857937)
     (-3967.9033026149841 -5171.1245825759415 -4960.7481453219707
      -2997.2274041060464 -3346.0858603341176 21373.867261178948
      -910.74913033947848 -389.12457536379236 -144.19317457200577
      513.28891404938486)
     (-3926.0011479194168 -4390.125665805248 -4179.3712495187192
      -2541.0605715045594 -2676.2027333432879 -910.74913033947848
      16995.75372838043 159.89044685841679 320.07879938964868
      1147.7875238022052)
     (-8130.7871700892183 -8266.8483023622957 -6981.8462391873773
      -2871.062898805008 -3815.0004876980415 -389.12457536379236
      159.89044685841679 20627.12754349436 3704.069198446075
      5963.582484706898)
     (-8901.5582811820041 -8579.3884521470991 -6925.0207433071982
      -2190.9910428298276 -4049.2544112953524 -144.19317457200577
      320.07879938964868 3704.069198446075 19536.554794068263
      7229.7033134295007)
     (-12867.439443112711 -12039.892056483059 -9808.3391793438568
      -2443.89426541254 -4657.8031073857937 513.28891404938486
      1147.7875238022052 5963.582484706898 7229.7033134295007
      26963.00581574997)))))
 ((pools
   ((number_of_pools 2) (teams_per_pool 5) (cycles_per_pool 1)
    (multibracket ((8 0 0 0)))))
  ((samples 2856)
   (sums
    (1165.0894039500458 1012.6126637379227 809.33422378813225
     237.83891980389456 251.78982841797773 -182.32348248676351
     -546.63851060237789 -965.21825792671916 -760.39898450811143
     -1022.0858041740005))
   (prods
    ((1185.0722964143113 243.1724228612054 220.63058678247125
      -1.73158404900553 28.326363886167492 -159.81452555710243
      -276.38116635381789 -462.30914953786936 -338.21911955193673
      -438.74612489442279)
     (243.1724228612054 1211.4250868605995 160.30104786552181
      -67.290003011363865 -7.5557301621752408 -145.51423285497512
      -267.74879982850166 -440.2168393269767 -301.415083029824
      -385.15786937351157)
     (220.63058678247125 160.30104786552181 1051.6311581385944
      -65.781286802569952 2.4390330405433538 -155.42833958601736
      -264.4056810565553 -350.36207218207414 -266.81307732048896
      -332.2113688794243)
     (-1.73158404900553 -67.290003011363865 -65.781286802569952
      853.4954849746307 -56.6827375493463 -96.473564791814823
      -153.76338085460725 -189.90042494081149 -100.28315856057816
      -121.58934441453405)
     (28.326363886167492 -7.5557301621752408 2.4390330405433538
      -56.6827375493463 682.55685746848826 -90.315859274339388
      -134.53708734548655 -160.39780178253596 -122.22549449542345
      -141.60754378589178)
     (-159.81452555710243 -145.51423285497512 -155.42833958601736
      -96.473564791814823 -90.315859274339388 691.88500578376545
      -18.159871167981315 -26.870833332784564 -12.129069408333258
      12.821290189582642)
     (-276.38116635381789 -267.74879982850166 -264.4056810565553
      -153.76338085460725 -134.53708734548655 -18.159871167981315
      776.08694957296211 115.72231398617478 79.390496184711537
      143.79622686310097)
     (-462.30914953786936 -440.2168393269767 -350.36207218207414
      -189.90042494081149 -160.39780178253596 -26.870833332784564
      115.72231398617478 1007.0585382834928 221.37423574281354
      285.90203309057119)
     (-338.21911955193673 -301.415083029824 -266.81307732048896
      -100.28315856057816 -122.22549449542345 -12.129069408333258
      79.390496184711537 221.37423574281354 629.98079218774274
      210.339478251316)
     (-438.74612489442279 -385.15786937351157 -332.2113688794243
      -121.58934441453405 -141.60754378589178 12.821290189582642
      143.79622686310097 285.90203309057119 210.339478251316
      766.45322295321489)))))
 ((pools
   ((number_of_pools 2) (teams_per_pool 5) (cycles_per_pool 1)
    (multibracket ((4 2 0 0)))))
  ((samples 60684)
   (sums
    (22034.959970287659 20375.762382664183 15679.779555420526
     3456.3030975262532 6591.2789766566148 -2478.0883684566397
     -10073.163677881694 -17833.266962642621 -15151.291988738376
     -22602.272984835909))
   (prods
    ((21551.786235014948 3547.0356624587334 2896.3334346439024
      -1333.3921193639619 1401.9088019819976 -1855.4136691515168
      -4681.353389312595 -7295.6630422129592 -5730.8488228458973
      -8500.3930912126452)
     (3547.0356624587334 24561.90959799031 2469.5134204311689
      -1894.8073075580248 486.50265895984683 -2499.7949405581135
      -5032.4237309858563 -7568.5604004549114 -5770.0915213601538
      -8299.2834389230011)
     (2896.3334346439024 2469.5134204311689 21579.909679717963
      -1992.9944463163233 202.17055236489807 -2403.1159190044536
      -4550.1320965369005 -6484.1835881684437 -4977.3237498056887
      -6740.1772873261234)
     (-1333.3921193639619 -1894.8073075580248 -1992.9944463163233
      17405.808314646623 -884.51487047316823 -1584.0624996259833
      -2439.7130381474531 -2903.9126013661385 -1982.9160244164282
      -2389.4954073791409)
     (1401.9088019819976 486.50265895984683 202.17055236489807
      -884.51487047316823 13780.420416050767 -1680.0061683348813
      -2602.7369795463883 -3797.29279135555 -3021.8986394262784
      -3884.5529802212473)
     (-1855.4136691515168 -2499.7949405581135 -2403.1159190044536
      -1584.0624996259833 -1680.0061683348813 13110.385342000494
      -870.10439722230933 -843.33766999576062 -775.4403156496744
      -599.10976245779193)
     (-4681.353389312595 -5032.4237309858563 -4550.1320965369005
      -2439.7130381474531 -2602.7369795463883 -870.10439722230933
      14424.51650017117 1511.7532768327014 1579.3558686711276
      2660.8379860765)
     (-7295.6630422129592 -7568.5604004549114 -6484.1835881684437
      -2903.9126013661385 -3797.29279135555 -843.33766999576062
      1511.7532768327014 17924.072568847656 3760.6481440451685
      5696.476103828234)
     (-5730.8488228458973 -5770.0915213601538 -4977.3237498056887
      -1982.9160244164282 -3021.8986394262784 -775.4403156496744
      1579.3558686711276 3760.6481440451685 12321.927702106059
      4596.5873586817625)
     (-8500.3930912126452 -8299.2834389230011 -6740.1772873261234
      -2389.4954073791409 -3884.5529802212473 -599.10976245779193
      2660.8379860765 5696.476103828234 4596.5873586817625
      17459.110518933459)))))
 ((pools
   ((number_of_pools 2) (teams_per_pool 5) (cycles_per_pool 1)
    (multibracket ((4 0 0)))))
  ((samples 7356)
   (sums
    (2861.1021694603924 2790.6187349075349 2192.4457604463296
     655.40372962082245 326.52337139852511 -888.61711206454606
     -1213.7798255348116 -2144.0020661004096 -1859.1148011516407
     -2720.5799609821943))
   (prods
    ((2880.0739722029289 668.34618863889 486.426961586184 -65.0928181703069
      -98.872715554487058 -513.7822062895591 -583.22811693484971
      -947.49600568747212 -736.89916588043059 -1089.4760939108951)
     (668.34618863889 3365.7725176717759 502.82101097134773
      -149.42852202822442 -110.82284453028545 -618.50152069803335
      -724.57893890559171 -1036.0298926397179 -803.53045081031
      -1094.0475476698557)
     (486.426961586184 502.82101097134773 2894.8076496946105
      -78.004274579196718 -122.90511491827186 -516.63069674889425
      -640.91734701072073 -902.67699094029263 -682.4999301139153
      -940.42126794085357)
     (-65.0928181703069 -149.42852202822442 -78.004274579196718
      2255.61735259996 -142.92988292476764 -306.34908039347874
      -382.219833488644 -498.8620191979644 -261.21490935559518
      -371.51601246178473)
     (-98.872715554487058 -110.82284453028545 -122.90511491827186
      -142.92988292476764 1795.2293230556731 -313.04734735759376
      -187.48905294768505 -226.05681144748462 -278.48630595176991
      -314.61924742332729)
     (-513.7822062895591 -618.50152069803335 -516.63069674889425
      -306.34908039347874 -313.04734735759376 1888.2230848369149
      35.505033117302006 163.73913811667359 27.26388357431906
      153.57971184235041)
     (-583.22811693484971 -724.57893890559171 -640.91734701072073
      -382.219833488644 -187.48905294768505 35.505033117302006
      1751.63056094293 179.71222100722781 210.00999437226085
      341.57547984777068)
     (-947.49600568747212 -1036.0298926397179 -902.67699094029263
      -498.8620191979644 -226.05681144748462 163.73913811667359
      179.71222100722781 2151.253406280091 433.44040989064763
      682.97654461829359)
     (-736.89916588043059 -803.53045081031 -682.4999301139153
      -261.21490935559518 -278.48630595176991 27.26388357431906
      210.00999437226085 433.44040989064763 1538.3725121978637
      553.54396207693117)
     (-1089.4760939108951 -1094.0475476698557 -940.42126794085357
      -371.51601246178473 -314.61924742332729 153.57971184235041
      341.57547984777068 682.97654461829359 553.54396207693117
      2078.4044710213702)))))
 ((pools
   ((number_of_pools 2) (teams_per_pool 5) (cycles_per_pool 1)
    (multibracket ((2 0)))))
  ((samples 2856)
   (sums
    (1179.5514248305171 1164.49204917595 832.24318036111731
     120.56229214890723 161.33151585484322 -333.62191660370354
     -469.05631739070469 -856.29202165486981 -748.47630853911164
     -1050.7338981829448))
   (prods
    ((1212.3953391738828 326.55816470176552 230.22290906973666
      -114.03469570283912 -8.644324435823826 -246.31740286958535
      -238.72233867238856 -405.05954032782529 -326.13581109922234
      -430.2622998376994)
     (326.55816470176552 1365.1184832232921 235.73713700500429
      -122.0024661345854 -84.145855293143583 -257.23080727377715
      -270.70552122391507 -406.7186034400093 -320.96781491188835
      -465.64271665274396)
     (230.22290906973666 235.73713700500429 1109.0369464920359
      -121.5709871400191 -48.547989118661008 -171.71873844404345
      -252.75698545179341 -376.4068704496753 -259.7801558235841
      -344.21526613900016)
     (-114.03469570283912 -122.0024661345854 -121.5709871400191
      941.39417424814633 -24.2229425389773 -60.529832488434096
      -161.44426224964138 -158.09763319825191 -86.660983072752117
      -92.830371722645225)
     (-8.644324435823826 -84.145855293143583 -48.547989118661008
      -24.2229425389773 694.43035671615394 -105.25518359886033
      -84.630617989693377 -82.343385804591293 -110.25023659128013
      -146.38982134512315)
     (-246.31740286958535 -257.23080727377715 -171.71873844404345
      -60.529832488434096 -105.25518359886033 736.385917394759
      28.620865486742041 42.503641911043992 -13.100497194363784
      46.642037076519841)
     (-238.72233867238856 -270.70552122391507 -252.75698545179341
      -161.44426224964138 -84.630617989693377 28.620865486742041
      716.564210748121 69.44880333283264 80.848917746182323
      112.77692827355392)
     (-405.05954032782529 -406.7186034400093 -376.4068704496753
      -158.09763319825191 -82.343385804591293 42.503641911043992
      69.44880333283264 865.19955379146222 176.380696154764
      275.09333803024992)
     (-326.13581109922234 -320.96781491188835 -259.7801558235841
      -86.660983072752117 -110.25023659128013 -13.100497194363784
      80.848917746182323 176.380696154764 624.67024517325888
      234.99563961888506)
     (-430.2622998376994 -465.64271665274396 -344.21526613900016
      -92.830371722645225 -146.38982134512315 46.642037076519841
      112.77692827355392 275.09333803024992 234.99563961888506
      809.83253269800321))))))