(((pools
   ((number_of_pools 8) (teams_per_pool 1) (cycles_per_pool 1)
    (multibracket ((8 0 0 0)))))
  ((samples 7853)
   (sums
    (3027.8889993509447 2816.3318529034523 2017.3524233121236
     230.70193397421068 -143.91860100833432 -1450.982686297689
     -2669.2406705976932 -3828.1332516370126))
   (prods
    ((3081.9383285039416 640.953316407651 473.02276287250857
      -243.12204338212541 -275.94595137678976 -755.09527324625788
      -1204.898095099551 -1716.853044679377)
     (640.953316407651 3293.098924460543 426.20027351958765
      -303.36721306763809 -316.90457716277263 -870.86292569221246
      -1201.90376597361 -1667.2140324915495)
     (473.02276287250857 426.20027351958765 2622.6584877958521
      -283.57036132445262 -295.28527316731879 -650.00106335740941
      -1014.369734377398 -1278.6550919613692)
     (-243.12204338212541 -303.36721306763809 -283.57036132445262
      2089.5280902000045 -211.26777777491634 -265.05027712197932
      -388.22184707636762 -394.92857045252435)
     (-275.94595137678976 -316.90457716277263 -295.28527316731879
      -211.26777777491634 1759.5823668867338 -182.56579154141832
      -262.28895102267029 -215.32404484084671)
     (-755.09527324625788 -870.86292569221246 -650.00106335740941
      -265.05027712197932 -182.56579154141832 2032.4080736685678
      269.89282854838223 421.274428742327)
     (-1204.898095099551 -1201.90376597361 -1014.369734377398
      -388.22184707636762 -262.28895102267029 269.89282854838223
      2669.3455456259485 1132.4440193752655)
     (-1716.853044679377 -1667.2140324915495 -1278.6550919613692
      -394.92857045252435 -215.32404484084671 421.274428742327
      1132.4440193752655 3719.2563363080753)))))
 ((pools
   ((number_of_pools 4) (teams_per_pool 2) (cycles_per_pool 1)
    (multibracket ((8 0 0 0)))))
  ((samples 7853)
   (sums
    (3006.1772727176585 2761.6651528487246 1844.1321477320407
     57.539412013700883 29.235992484887607 -1376.6892886360154
     -2555.3170384062178 -3766.7436507547754))
   (prods
    ((3007.854847769951 611.66349398571026 362.88587428694461
      -340.99672189732877 -140.03589132034256 -730.92778112202052
      -1127.5239375116173 -1642.9198841912958)
     (611.66349398571026 3271.7115512592886 340.0906280561552
      -377.973971320793 -281.44941160878608 -810.40541945128757
      -1164.2604711120828 -1589.3763998082043)
     (362.88587428694461 340.0906280561552 2625.7312792693224
      -319.11859763967311 -256.21354787372979 -602.12550629910493
      -959.80908802654221 -1191.4410417733714)
     (-340.99672189732877 -377.973971320793 -319.11859763967311
      2081.8300651041832 -176.98692717725194 -255.23899833243397
      -290.23278610190346 -321.28206263479893)
     (-140.03589132034256 -281.44941160878608 -256.21354787372979
      -176.98692717725194 1637.7102304377759 -225.06010148601027
      -270.7843030184456 -287.18004795320957)
     (-730.92778112202052 -810.40541945128757 -602.12550629910493
      -255.23899833243397 -225.06010148601027 1979.5409689627688
      251.750820137309 392.46601759077981)
     (-1127.5239375116173 -1164.2604711120828 -959.80908802654221
      -290.23278610190346 -270.7843030184456 251.750820137309
      2486.46592952348 1074.3938361098021)
     (-1642.9198841912958 -1589.3763998082043 -1191.4410417733714
      -321.28206263479893 -287.18004795320957 392.46601759077981
      1074.3938361098021 3565.3395826602973)))))
 ((pools
   ((number_of_pools 4) (teams_per_pool 2) (cycles_per_pool 1)
    (multibracket ((4 0 0)))))
  ((samples 5853)
   (sums
    (2282.5801915227662 2094.3501557143431 1450.2259464201543
     112.07941826987208 -117.64951929235633 -1042.9862511570038
     -1950.8697310514738 -2827.7302104263008))
   (prods
    ((2314.8768564192205 494.28474189997695 247.30237381888853
      -129.16062550705578 -206.0626308514324 -560.91753498949561
      -893.68674869447136 -1266.6364320956307)
     (494.28474189997695 2454.8408001651451 296.83455093746306
      -267.41267794924033 -276.95035895571328 -572.24095715530962
      -902.61948759836014 -1226.7366113439627)
     (247.30237381888853 296.83455093746306 2039.5870061752412
      -252.2649942040552 -224.13804859363751 -482.01471752368286
      -712.96364050181182 -912.34253010840473)
     (-129.16062550705578 -267.41267794924033 -252.2649942040552
      1575.7182748375099 -142.70717746352025 -227.92254579215736
      -284.93686623513452 -271.31338768634555)
     (-206.0626308514324 -276.95035895571328 -224.13804859363751
      -142.70717746352025 1350.1875160571126 -163.49121142666982
      -188.37354737248245 -148.46454139365687)
     (-560.91753498949561 -572.24095715530962 -482.01471752368286
      -227.92254579215736 -163.49121142666982 1458.3491079730513
      223.43695318627334 324.80090572799088)
     (-893.68674869447136 -902.61948759836014 -712.96364050181182
      -284.93686623513452 -188.37354737248245 223.43695318627334
      1961.0511713103151 798.09216590567291)
     (-1266.6364320956307 -1226.7366113439627 -912.34253010840473
      -271.31338768634555 -148.46454139365687 324.80090572799088
      798.09216590567291 2702.6004309943391)))))
 ((pools
   ((number_of_pools 4) (teams_per_pool 2) (cycles_per_pool 2)
    (multibracket ((8 0 0 0)))))
  ((samples 5853)
   (sums
    (2274.2088955937788 2002.9736556111507 1448.5056775210812
     221.65803598878995 -67.725085656940308 -1059.5913946339806
     -1958.7023993318064 -2861.3273850920737))
   (prods
    ((2292.3276991563248 429.80051530520387 329.08930067270535
      -127.37032519073915 -189.96404699298336 -562.6396359572833
      -921.0769020106618 -1250.1666049825669)
     (429.80051530520387 2388.117013463569 255.0220832658166
      -200.49799781835728 -242.0641671770781 -608.7254490790275
      -855.35187304890792 -1166.3001249112185)
     (329.08930067270535 255.0220832658166 2004.9145075429587
      -193.43724845013406 -218.35980483341754 -477.01780174616658
      -742.93364470297342 -957.27739174878946)
     (-127.37032519073915 -200.49799781835728 -193.43724845013406
      1534.6366058144188 -151.10346281216792 -197.21663951584415
      -290.61597298728321 -374.39495903989251)
     (-189.96404699298336 -242.0641671770781 -218.35980483341754
      -151.10346281216792 1283.3791192585545 -134.999688055665
      -189.72916469352859 -157.15878469371498)
     (-562.6396359572833 -608.7254490790275 -477.01780174616658
      -197.21663951584415 -134.999688055665 1437.0876614782665
      193.73336745515161 349.77818542056906)
     (-921.0769020106618 -855.35187304890792 -742.93364470297342
      -290.61597298728321 -189.72916469352859 193.73336745515161
      1986.2923860847397 819.68180390346311)
     (-1250.1666049825669 -1166.3001249112185 -957.27739174878946
      -374.39495903989251 -157.15878469371498 349.77818542056906
      819.68180390346311 2735.8378760521514)))))
 ((pools
   ((number_of_pools 4) (teams_per_pool 2) (cycles_per_pool 2)
    (multibracket ((4 0 0)))))
  ((samples 833)
   (sums
    (381.56980125179518 393.64025970296353 294.21284777423728
     111.56295837315005 -103.84816067536818 -237.16814661007186
     -372.92215481761286 -467.04740499909394))
   (prods
    ((407.42350571662388 136.5152287930716 93.711247071367907
      28.344173004549916 -85.5349353736939 -136.83589290986717
      -208.91245171307176 -234.7108745889804)
     (136.5152287930716 439.86681823964727 107.90398451422666
      21.578120099368157 -94.782462354109825 -150.81297559716324
      -223.90944055673165 -236.3592731383097)
     (93.711247071367907 107.90398451422666 336.34777682584814
      3.2710363236081288 -66.176887025653457 -108.86235768008261
      -167.03382207813269 -199.16097795118154)
     (28.344173004549916 21.578120099368157 3.2710363236081288
      235.811126317985 -35.849326538782037 -74.304867823656451
      -91.091310519614453 -87.758950863458139)
     (-85.5349353736939 -94.782462354109825 -66.176887025653457
      -35.849326538782037 236.08188864064553 14.782715716288685
      18.050200224945996 13.428806710359375)
     (-136.83589290986717 -150.81297559716324 -108.86235768008261
      -74.304867823656451 14.782715716288685 277.13727115805921
      80.665147461452023 98.230959674969441)
     (-208.91245171307176 -223.90944055673165 -167.03382207813269
      -91.091310519614453 18.050200224945996 80.665147461452023
      409.67015163637376 182.56152554477865)
     (-234.7108745889804 -236.3592731383097 -199.16097795118154
      -87.758950863458139 13.428806710359375 98.230959674969441
      182.56152554477865 463.7687846118219)))))
 ((pools
   ((number_of_pools 4) (teams_per_pool 2) (cycles_per_pool 3)
    (multibracket ((8 0 0 0)))))
  ((samples 7853)
   (sums
    (3017.9622149841434 2628.3098541277727 1753.229590843549 56.5138003540147
     -55.043955811720757 -1312.2461943897456 -2524.4264757589171
     -3564.2988343490942))
   (prods
    ((3058.3330868992489 542.04595629387688 317.6196932702656
      -251.1894845562237 -251.22676440357341 -743.46008081423406
      -1133.9934153555853 -1538.128991333776)
     (542.04595629387688 3123.0067692339708 253.53110041046295
      -377.23715467251247 -281.68849596983512 -706.89499440439363
      -1086.404770417176 -1466.3584104743916)
     (317.6196932702656 253.53110041046295 2596.1770737581987
      -358.55730532865243 -278.53520177886486 -602.14356470581833
      -879.3845463737955 -1048.7072492517982)
     (-251.1894845562237 -377.23715467251247 -358.55730532865243
      2058.6605236210817 -231.67289650916433 -234.0139146113701
      -301.9044513157404 -304.08531662741854)
     (-251.22676440357341 -281.68849596983512 -278.53520177886486
      -231.67289650916433 1726.209536612954 -192.32696360439544
      -233.51216818026657 -257.24704616685449)
     (-743.46008081423406 -706.89499440439363 -602.14356470581833
      -234.0139146113701 -192.32696360439544 1869.2021483443764
      226.28628684278675 383.35108295304809)
     (-1133.9934153555853 -1086.404770417176 -879.3845463737955
      -301.9044513157404 -233.51216818026657 226.28628684278675
      2410.0638933733471 998.84917142642962)
     (-1538.128991333776 -1466.3584104743916 -1048.7072492517982
      -304.08531662741854 -257.24704616685449 383.35108295304809
      998.84917142642962 3232.3267594747617)))))
 ((pools
   ((number_of_pools 4) (teams_per_pool 2) (cycles_per_pool 3)
    (multibracket ((4 0 0)))))
  ((samples 101186)
   (sums
    (35280.863169728196 30857.104462320924 19868.351976621241
     -2554.6134766931318 3253.6608234239807 -13521.56111146263
     -29331.616135371198 -43852.189708567392))
   (prods
    ((34506.457997586607 3732.714493454057 1882.3397515192062
      -5606.122128823532 -280.597437940207 -6248.3686022871043
      -11497.340401917858 -16489.083671591168)
     (3732.714493454057 37943.455365967238 1093.8102587962412
      -6521.3828314026723 -1793.409610766719 -6806.8932551951011
      -11692.047714531627 -15956.24670632141)
     (1882.3397515192062 1093.8102587962412 31522.122447530466
      -6049.0635140271352 -2104.8216297775148 -5696.3639483632287
      -8856.6142167225571 -11791.409148955485)
     (-5606.122128823532 -6521.3828314026723 -6049.0635140271352
      26960.697999195825 -2184.9690561200182 -2386.1095114950795
      -2248.2237447018329 -1964.8272126255538)
     (-280.597437940207 -1793.409610766719 -2104.8216297775148
      -2184.9690561200182 19536.582336776326 -3274.2158785119018
      -4614.26936347153 -5284.2993601884336)
     (-6248.3686022871043 -6806.8932551951011 -5696.3639483632287
      -2386.1095114950795 -3274.2158785119018 20832.680150428274
      1017.6865693008672 2561.584476123267)
     (-11497.340401917858 -11692.047714531627 -8856.6142167225571
      -2248.2237447018329 -4614.26936347153 1017.6865693008672
      27596.029087733059 10294.779784311477)
     (-16489.083671591168 -15956.24670632141 -11791.409148955485
      -1964.8272126255538 -5284.2993601884336 2561.584476123267
      10294.779784311477 38629.501839247307)))))
 ((pools
   ((number_of_pools 4) (teams_per_pool 2) (cycles_per_pool 4)
    (multibracket ((4 0 0)))))
  ((samples 5853)
   (sums
    (2265.1427042569821 2208.3296340757593 1553.2280648403539
     287.8299074668256 -182.79538898905949 -1174.0475194123344
     -2058.3885518932066 -2899.2988503453194))
   (prods
    ((2256.8041628928272 514.20082378417931 320.75548026052206
      -154.77811278702285 -200.58899794051462 -583.00822945636855
      -908.16321392675491 -1245.2219128268682)
     (514.20082378417931 2551.1653336379204 327.71524874235757
      -197.51247013490416 -310.1376942171616 -636.30628810977987
      -980.16110984070178 -1268.9638438619102)
     (320.75548026052206 327.71524874235757 2038.3886461897991
      -186.14543467548054 -247.86716277642969 -520.092459371424
      -737.33259630613338 -995.42172206320993)
     (-154.77811278702285 -197.51247013490416 -186.14543467548054
      1649.3221822259522 -158.25569091799065 -260.883817227942
      -310.58352353812415 -381.16313294448747)
     (-200.58899794051462 -310.1376942171616 -247.86716277642969
      -158.25569091799065 1299.6608294201192 -100.38161439686864
      -153.94422410253665 -128.48544506861683)
     (-583.00822945636855 -636.30628810977987 -520.092459371424
      -260.883817227942 -100.38161439686864 1474.7238540166832
      228.77786076601123 397.17069377968943)
     (-908.16321392675491 -980.16110984070178 -737.33259630613338
      -310.58352353812415 -153.94422410253665 228.77786076601123
      1996.5417052314153 864.86510171682471)
     (-1245.2219128268682 -1268.9638438619102 -995.42172206320993
      -381.16313294448747 -128.48544506861683 397.17069377968943
      864.86510171682471 2757.2202612685778)))))
 ((pools
   ((number_of_pools 2) (teams_per_pool 4) (cycles_per_pool 1)
    (multibracket ((8 0 0 0)))))
  ((samples 9186)
   (sums
    (3524.19885399565 3208.2258366337865 2129.6868875105515
     170.01760714595477 35.96046693546117 -1635.4011205993502
     -3051.378109810044 -4381.3104218120043))
   (prods
    ((3553.9079038257705 732.047140219166 371.84355894801973
      -308.73700813275673 -232.33029958818224 -839.53393405950635
      -1386.0904077918099 -1891.1069534207031)
     (732.047140219166 3724.6159316260291 420.70124462470721
      -416.18686802372997 -292.9984364735646 -945.44533389532387
      -1385.5852563889239 -1837.1484216883596)
     (371.84355894801973 420.70124462470721 3015.5070780406763
      -378.55732817703847 -279.73754977147576 -701.22720721296264
      -1055.5917104144789 -1392.9380860374483)
     (-308.73700813275673 -416.18686802372997 -378.55732817703847
      2460.2665868769745 -248.62451455963782 -318.72670916408862
      -376.12339050583535 -413.3107683138868)
     (-232.33029958818224 -292.9984364735646 -279.73754977147576
      -248.62451455963782 1929.1356525224719 -242.23645282227329
      -308.9678687056836 -324.24053060165215)
     (-839.53393405950635 -945.44533389532387 -701.22720721296264
      -318.72670916408862 -242.23645282227329 2261.4944993558347
      289.24903301227374 496.42610478604848)
     (-1386.0904077918099 -1385.5852563889239 -1055.5917104144789
      -376.12339050583535 -308.9678687056836 289.24903301227374
      2979.3864686618272 1243.7231321326328)
     (-1891.1069534207031 -1837.1484216883596 -1392.9380860374483
      -413.3107683138868 -324.24053060165215 496.42610478604848
      1243.7231321326328 4118.5955231433691)))))
 ((pools
   ((number_of_pools 2) (teams_per_pool 4) (cycles_per_pool 1)
    (multibracket ((4 2 0 0)))))
  ((samples 121186)
   (sums
    (42910.446025195452 37559.510699545273 26049.554360148537
     -857.75511000858535 -1519.2263852170611 -21692.788231524002
     -32415.067195659089 -50034.674162480485))
   (prods
    ((41992.988521344952 5313.8691226327546 3262.5519041051766
      -5943.0722946838332 -2821.791101603626 -9644.13845007374
      -12955.078534595621 -19205.329167126059)
     (5313.8691226327546 45839.43951450882 1869.5409398427878
      -7252.9549337476237 -4453.076601170922 -10635.071973402391
      -12646.393999375417 -18035.352069287968)
     (3262.5519041051766 1869.5409398427878 38568.495785813822
      -6152.1598725455869 -3922.2657831474403 -8650.55420387802
      -10673.904293771662 -14301.704476419061)
     (-5943.0722946838332 -7252.9549337476237 -6152.1598725455869
      32483.478297992366 -2865.0800244315205 -3524.5236627485278
      -3354.94456957811 -3390.74294025715)
     (-2821.791101603626 -4453.076601170922 -3922.2657831474403
      -2865.0800244315205 23955.353179575646 -2740.6660592743519
      -3515.2132849150548 -3637.2603250327325)
     (-9644.13845007374 -10635.071973402391 -8650.55420387802
      -3524.5236627485278 -2740.6660592743519 27472.514209276193
      2459.3024437780218 5263.1376963228095)
     (-12955.078534595621 -12646.393999375417 -10673.904293771662
      -3354.94456957811 -3515.2132849150548 2459.3024437780218
      30085.946625856406 10600.285612601445)
     (-19205.329167126059 -18035.352069287968 -14301.704476419061
      -3390.74294025715 -3637.2603250327325 5263.1376963228095
      10600.285612601445 42706.965669198711)))))
 ((pools
   ((number_of_pools 2) (teams_per_pool 4) (cycles_per_pool 1)
    (multibracket ((4 0 0)))))
  ((samples 4742)
   (sums
    (1867.3540845429229 1698.8015256638867 1238.8971655722362
     107.07842823735385 -440.51068452900154 -1251.0366205722537
     -1256.9191818089848 -1963.6647171061591))
   (prods
    ((1915.0539021331351 406.82606479833464 256.63237690921187
      -163.91517871398315 -379.61085391156405 -667.47824806355516
      -523.49544257966022 -844.01262057191911)
     (406.82606479833464 1982.893127011354 236.89648664970821
      -192.65006866708433 -361.65997285080971 -675.84049381094314
      -570.60216125999671 -825.86298187056173)
     (256.63237690921187 236.89648664970821 1671.1216904434646
      -193.83466418063239 -291.60716625024219 -513.699117872216
      -500.60970111742279 -664.8999045818714)
     (-163.91517871398315 -192.65006866708433 -193.83466418063239
      1284.2104314231203 -148.28951252075558 -189.00317154823927
      -187.99400023721577 -208.52383555520908)
     (-379.61085391156405 -361.65997285080971 -291.60716625024219
      -148.28951252075558 1200.5139914141041 -70.303920466757276
      -15.507071350960592 66.464505936985191)
     (-667.47824806355516 -675.84049381094314 -513.699117872216
      -189.00317154823927 -70.303920466757276 1509.3765399903627
      223.24443586320638 383.70397590814179)
     (-523.49544257966022 -570.60216125999671 -500.60970111742279
      -187.99400023721577 -15.507071350960592 223.24443586320638
      1166.7334377207958 408.23050296125336)
     (-844.01262057191911 -825.86298187056173 -664.8999045818714
      -208.52383555520908 66.464505936985191 383.70397590814179
      408.23050296125336 1684.9003577731821)))))
 ((pools
   ((number_of_pools 2) (teams_per_pool 4) (cycles_per_pool 1)
    (multibracket ((2 0)))))
  ((samples 1742)
   (sums
    (746.12922071475623 694.45823536377407 371.67780449262079
     -35.611497159234659 -138.76481814353778 -423.00047882603263
     -482.65135148493073 -732.23711495741554))
   (prods
    ((798.19299671688179 185.66820669385754 64.083325128929772
      -116.81287733722586 -111.1850666324297 -262.40734729867495
      -218.77145781552255 -338.767779455816)
     (185.66820669385754 844.37029334750468 50.211804889098246
      -107.39977744328337 -179.26726807830448 -274.70361909397354
      -206.4862835022281 -312.39335681267073)
     (64.083325128929772 50.211804889098246 593.48743329851709
      -98.198777672561334 -67.157547662814721 -135.99636043045055
      -183.86790092707886 -222.5619766236394)
     (-116.81287733722586 -107.39977744328337 -98.198777672561334
      496.91040667036782 -26.817508719127453 -23.691118507732064
      -50.347599181690725 -73.642747808746776)
     (-111.1850666324297 -179.26726807830448 -67.157547662814721
      -26.817508719127453 423.64165080727173 -23.073679199118473
      -22.587384454697705 6.4468039392208221)
     (-262.40734729867495 -274.70361909397354 -135.99636043045055
      -23.691118507732064 -23.073679199118473 505.92972337997492
      76.362831181582962 137.57956996839175)
     (-218.77145781552255 -206.4862835022281 -183.86790092707886
      -50.347599181690725 -22.587384454697705 76.362831181582962
      440.40113979346756 165.29665490616685)
     (-338.767779455816 -312.39335681267073 -222.5619766236394
      -73.642747808746776 6.4468039392208221 137.57956996839175
      165.29665490616685 638.04283188709383))))))