(((pools
   ((number_of_pools 8) (teams_per_pool 1) (cycles_per_pool 1)
    (multibracket ((8 0 0) (4 2 0 0)))))
  ((samples 976)
   (sums
    (597.08684686035053 135.01214641278017 -42.390039201789008
     60.908204594603916 -9.7419025864425386 -163.03979022758503
     -202.6665603982598 -375.16890545365794))
   (prods
    ((750.88811472356792 -80.281391759861975 -127.25386830916696
      -1.2195109160439062 -41.1105222658293 -123.69542585413245
      -133.89030540488494 -243.43709021364822)
     (-80.281391759861975 389.30271139479612 -89.570500802920535
      -26.395119182101642 -28.419160897057353 -45.285969891121987
      -45.25514850368041 -74.095420358052152)
     (-127.25386830916696 -89.570500802920535 300.02348877335419
      -29.563557565845116 -24.613607169499939 -4.8454256278743335
      -27.204283859067722 3.0277545610203869)
     (-1.2195109160439062 -26.395119182101642 -29.563557565845116
      223.76177358156568 -26.188260241521625 -48.16980105663815
      -35.817250688798723 -56.408273930616573)
     (-41.1105222658293 -28.419160897057353 -24.613607169499939
      -26.188260241521625 182.86575724476262 -26.115837541977616
      -13.927130824247527 -22.491238304629263)
     (-123.69542585413245 -45.285969891121987 -4.8454256278743335
      -48.16980105663815 -26.115837541977616 198.04969512628625
      14.510343411284625 35.552421434173716)
     (-133.89030540488494 -45.25514850368041 -27.204283859067722
      -35.817250688798723 -13.927130824247527 14.510343411284625
      186.59102668188191 54.992749187512757)
     (-243.43709021364822 -74.095420358052152 3.0277545610203869
      -56.408273930616573 -22.491238304629263 35.552421434173716
      54.992749187512757 302.85909762423933)))))
 ((pools
   ((number_of_pools 8) (teams_per_pool 1) (cycles_per_pool 1)
    (multibracket ((8 0 0) (2 0)))))
  ((samples 307)
   (sums
    (209.00845699309497 47.220874546399656 17.391465503471167
     53.368706636151856 -8.1151907566884383 -64.307244812082189
     -110.91666469616317 -143.6504034141839))
   (prods
    ((268.01088352966684 -14.676727679314649 -9.9374196208826682
      32.97449392862876 -17.150321703479186 -58.310480659921296
      -95.564557493170966 -105.3458703015267)
     (-14.676727679314649 134.24229046841492 -27.015643391177459
      -1.9168397307181175 -12.265428762281521 -25.279987900561522
      -25.390616208893675 -27.697046795467923)
     (-9.9374196208826682 -27.015643391177459 86.89013286765082
      0.33791852851485005 -11.208052272947491 -12.183435427068602
      -19.495351838715948 -7.3881488453735145)
     (32.97449392862876 -1.9168397307181175 0.33791852851485005
      68.165802447733057 -8.8118130362276936 -20.230372354344638
      -33.474529622641739 -37.044660160944488)
     (-17.150321703479186 -12.265428762281521 -11.208052272947491
      -8.8118130362276936 61.614686127058718 -1.4306848293828522
      -6.5486532651025087 -4.1997322576374492)
     (-58.310480659921296 -25.279987900561522 -12.183435427068602
      -20.230372354344638 -1.4306848293828522 87.105996222835884
      16.329928868986649 13.999036079456388)
     (-95.564557493170966 -25.390616208893675 -19.495351838715948
      -33.474529622641739 -6.5486532651025087 16.329928868986649
      123.51178465680185 40.631994902736373)
     (-105.3458703015267 -27.697046795467923 -7.3881488453735145
      -37.044660160944488 -4.1997322576374492 13.999036079456388
      40.631994902736373 127.04442737875733)))))
 ((pools
   ((number_of_pools 8) (teams_per_pool 1) (cycles_per_pool 1)
    (multibracket ((8 0 0 0) (4 0 3 0)))))
  ((samples 801)
   (sums
    (305.98619106722538 237.98322081632091 23.235828528142818
     84.517176041522944 -72.895532905606018 -108.77551243976247
     -176.87257700863023 -293.17879409921329))
   (prods
    ((325.81628050350417 11.044040371713089 -55.986038064522404
      18.0766762033312 -45.321628679466414 -56.912824726499736
      -69.749556137001491 -126.96694947105846)
     (11.044040371713089 306.97426245673932 -37.131189751621683
      -3.2160952084864065 -44.937465780778581 -44.834870218501571
      -83.099063583559939 -104.79961828550412)
     (-55.986038064522404 -37.131189751621683 214.91712726243634
      -29.030298386750214 -29.22449904527344 -29.185622158123174
      -22.853243548155554 -11.506236307989813)
     (18.0766762033312 -3.2160952084864065 -29.030298386750214
      178.27874705169134 -36.64959601834471 -31.763880883879381
      -43.178344700477091 -52.517208057084723)
     (-45.321628679466414 -44.937465780778581 -29.22449904527344
      -36.64959601834471 172.5283133884883 -7.1741573831746743
      -3.4049844907800644 -5.81598199067038)
     (-56.912824726499736 -44.834870218501571 -29.185622158123174
      -31.763880883879381 -7.1741573831746743 139.20179782417591
      8.5264020539631 22.143155492039508)
     (-69.749556137001491 -83.099063583559939 -22.853243548155554
      -43.178344700477091 -3.4049844907800644 8.5264020539631
      165.09888683087442 48.659903575136639)
     (-126.96694947105846 -104.79961828550412 -11.506236307989813
      -52.517208057084723 -5.81598199067038 22.143155492039508
      48.659903575136639 230.80293504513139)))))
 ((pools
   ((number_of_pools 8) (teams_per_pool 1) (cycles_per_pool 1)
    (multibracket ((8 0 0 0) (4 0 3 0 0) (2 1 3 0 0)))))
  ((samples 2229)
   (sums
    (875.131591933581 333.33751974614847 62.324250840244517
     150.59868056017928 21.866804528073487 -364.39154321622721
     -450.81559293936022 -628.0517114526391))
   (prods
    ((899.48263338972345 -128.67055662283818 -109.32430222079579
      9.05451844962839 -33.583810454847182 -197.55937455793398
      -196.87486029670583 -242.52424768623095)
     (-128.67055662283818 662.29208739896012 -125.26580190810692
      -46.497998495310675 -45.585962447838746 -96.921031259471675
      -102.3100902391336 -117.04064642626037)
     (-109.32430222079579 -125.26580190810692 489.93092032884709
      -50.2657362230217 -48.208930067850545 -67.026462411740084
      -47.336846083142554 -42.502841414189525)
     (9.05451844962839 -46.497998495310675 -50.2657362230217
      412.52881476951421 -46.781391233764239 -112.72825372693332
      -78.257454637048156 -87.052498903064361)
     (-33.583810454847182 -45.585962447838746 -48.208930067850545
      -46.781391233764239 355.850472357577 -60.67259468252864
      -59.527111813537658 -61.490671657209909)
     (-197.55937455793398 -96.921031259471675 -67.026462411740084
      -112.72825372693332 -60.67259468252864 452.72943874451823
      26.116769869656 56.0615080244335)
     (-196.87486029670583 -102.3100902391336 -47.336846083142554
      -78.257454637048156 -59.527111813537658 26.116769869656
      380.0501526589884 78.139440540923459)
     (-242.52424768623095 -117.04064642626037 -42.502841414189525
      -87.052498903064361 -61.490671657209909 56.0615080244335
      78.139440540923459 416.40995752159819)))))
 ((pools
   ((number_of_pools 8) (teams_per_pool 1) (cycles_per_pool 1)
    (multibracket ((8 0 0 0) (4 0 3 0 0) (4 0 0)))))
  ((samples 2229)
   (sums
    (901.0891207288455 314.18417227427915 109.5010692605737
     207.88616264542293 36.249878602192368 -286.87500511904148
     -465.56886014459639 -816.46653824767543))
   (prods
    ((929.12660034457213 -166.37814482772134 -61.587859534485787
      18.430841369782932 -22.724456362243153 -142.67971908533377
      -212.44562162104296 -341.741640283528)
     (-166.37814482772134 664.64717983108937 -105.92875028815877
      -28.936290712268178 -30.496276927229921 -82.197255743130086
      -97.731046364395581 -152.97941496818564)
     (-61.587859534485787 -105.92875028815877 508.79230557249195
      -30.466067955907619 -73.910755721725693 -79.464569830735272
      -73.201606450834277 -84.232695790644641)
     (18.430841369782932 -28.936290712268178 -30.466067955907619
      428.71927336476045 -38.485841158463174 -92.3951054152884
      -112.58146311437677 -144.2853463782391)
     (-22.724456362243153 -30.496276927229921 -73.910755721725693
      -38.485841158463174 370.58296353320816 -61.132449451549867
      -68.4948084535406 -75.3383754584557)
     (-142.67971908533377 -82.197255743130086 -79.464569830735272
      -92.3951054152884 -61.132449451549867 397.9062668986283
      18.813848073206294 41.148984554202819)
     (-212.44562162104296 -97.731046364395581 -73.201606450834277
      -112.58146311437677 -68.4948084535406 18.813848073206294
      427.64462352771812 117.99607440326589)
     (-341.741640283528 -152.97941496818564 -84.232695790644641
      -144.2853463782391 -75.3383754584557 41.148984554202819
      117.99607440326589 639.43241392158438)))))
 ((pools
   ((number_of_pools 8) (teams_per_pool 1) (cycles_per_pool 1)
    (multibracket ((8 0 0 0) (4 0 3 0 0) (2 1 0)))))
  ((samples 2229)
   (sums
    (888.38601761718053 330.32476267164373 163.51756941897534
     214.21214781786767 67.170661226062762 -345.82179709527009
     -477.66297646669483 -840.126385189765))
   (prods
    ((908.14297425415532 -139.05159814229938 -61.469111167512644
      27.23477726850513 5.9523762363741177 -166.10956145853669
      -221.4018517537549 -353.298005236931)
     (-139.05159814229938 681.30529749974585 -87.286208599720624
      -38.931755304232041 -38.187572100207966 -115.38718523696224
      -104.1029785767201 -158.35799953960341)
     (-61.469111167512644 -87.286208599720624 529.59966090430851
      -30.626509172362269 -36.5789400952498 -102.21255266424343
      -89.808435500373008 -121.61790370484682)
     (27.23477726850513 -38.931755304232041 -30.626509172362269
      458.42279593997068 -32.868574039922251 -114.47675714414116
      -102.50056096043139 -166.25341658738662)
     (5.9523762363741177 -38.187572100207966 -36.5789400952498
      -32.868574039922251 353.3962871745486 -75.435121126457219
      -81.3961605942444 -94.882295454840985)
     (-166.10956145853669 -115.38718523696224 -102.21255266424343
      -114.47675714414116 -75.435121126457219 461.94032040066861
      18.043570380830165 93.637286848841953)
     (-221.4018517537549 -104.1029785767201 -89.808435500373008
      -102.50056096043139 -81.3961605942444 18.043570380830165
      455.9027848275299 125.2636321771638)
     (-353.298005236931 -158.35799953960341 -121.61790370484682
      -166.25341658738662 -94.882295454840985 93.637286848841953
      125.2636321771638 675.50870149760283)))))
 ((pools
   ((number_of_pools 8) (teams_per_pool 1) (cycles_per_pool 1)
    (multibracket ((8 0 0 0) (4 2 0 1 0) (2 3 0 1 0)))))
  ((samples 2229)
   (sums
    (830.62716167251426 361.13472257461882 48.404394162739813
     143.82295628093465 -48.386108245832851 -163.26225747291656
     -531.14411722324451 -641.19675174881377))
   (prods
    ((844.64427686012732 -128.04511045644546 -96.594083061798131
      -14.583071874482815 -53.881419141702565 -87.726967806689714
      -214.66573516308929 -249.14788935591935)
     (-128.04511045644546 680.670330839964 -129.70142791301862
      -39.226798714431467 -72.984464441853532 -60.969239113643667
      -116.90959198182682 -132.83369821874439)
     (-96.594083061798131 -129.70142791301862 475.233230718172
      -41.443317882810845 -50.298492841479138 -52.32926033263837
      -66.952887876394414 -37.91376081003245)
     (-14.583071874482815 -39.226798714431467 -41.443317882810845
      405.68936471139642 -58.396988452858757 -66.913488937171465
      -96.909239287587738 -88.216459562053345)
     (-53.881419141702565 -72.984464441853532 -50.298492841479138
      -58.396988452858757 363.82247973173895 -43.325474458181219
      -53.910313175479509 -31.025327220184316)
     (-87.726967806689714 -60.969239113643667 -52.32926033263837
      -66.913488937171465 -43.325474458181219 325.97528933338651
      -10.801053753561542 -3.9098049315005494)
     (-214.66573516308929 -116.90959198182682 -66.952887876394414
      -96.909239287587738 -53.910313175479509 -10.801053753561542
      451.03346915949203 109.11535207844724)
     (-249.14788935591935 -132.83369821874439 -37.91376081003245
      -88.216459562053345 -31.025327220184316 -3.9098049315005494
      109.11535207844724 433.93158801998726)))))
 ((pools
   ((number_of_pools 8) (teams_per_pool 1) (cycles_per_pool 1)
    (multibracket ((8 0 0 0) (4 2 0 1 0) (4 0 1 1 0)))))
  ((samples 2229)
   (sums
    (842.80336829827854 306.20810770062025 77.853398133421592
     141.08104431697072 -68.938153290209939 -188.4614086392134
     -384.02446224113919 -726.5218942787285))
   (prods
    ((845.15780035933119 -158.31931244932056 -94.981976024965959
      -14.303142376887237 -58.23156502264424 -86.704448197943449
      -147.96343157798424 -284.65392470958568)
     (-158.31931244932056 650.727803886131 -104.20838671933205
      -28.265161078773172 -83.172943218437254 -67.916967712665112
      -78.303581827196439 -130.5414508804065)
     (-94.981976024965959 -104.20838671933205 486.47421265449162
      -58.794812681510763 -61.724925613903942 -57.3260394806633
      -61.836534796629081 -47.601537337486455)
     (-14.303142376887237 -28.265161078773172 -58.794812681510763
      406.12983330004079 -66.215880280087532 -57.02568288983872
      -72.49552599366163 -109.02962799928173)
     (-58.23156502264424 -83.172943218437254 -61.724925613903942
      -66.215880280087532 382.46415135149169 -47.598171260629449
      -36.549606018497961 -28.971059937291322)
     (-86.704448197943449 -67.916967712665112 -57.3260394806633
      -57.02568288983872 -47.598171260629449 330.76104036881452
      -8.7094556243641748 -5.4802752027103425)
     (-147.96343157798424 -78.303581827196439 -61.836534796629081
      -72.49552599366163 -36.549606018497961 -8.7094556243641748
      326.51720086007833 79.34093497825522)
     (-284.65392470958568 -130.5414508804065 -47.601537337486455
      -109.02962799928173 -28.971059937291322 -5.4802752027103425
      79.34093497825522 526.93694108850673)))))
 ((pools
   ((number_of_pools 8) (teams_per_pool 1) (cycles_per_pool 1)
    (multibracket ((8 0 0 0) (4 2 0 1 0) (2 1 1 0)))))
  ((samples 2229)
   (sums
    (868.63660046404925 304.30676826953572 72.196766152762052
     202.04891863201553 -28.670629385438772 -131.60959740593614
     -455.86146642288111 -831.04736030410618))
   (prods
    ((900.64748033401111 -154.37462363903029 -99.719154711426555
      20.266541776784763 -47.841737506124439 -75.877110596924908
      -199.22901422374557 -343.87238143354409)
     (-154.37462363903029 662.64832635966309 -109.5909630895943
      -12.584982880904713 -60.83145905525749 -62.251141057922808
      -96.776390458130123 -166.23876617882343)
     (-99.719154711426555 -109.5909630895943 469.91792428533915
      -58.113219941174606 -39.537608883292151 -41.426909671395528
      -56.947822354550709 -64.582245633905174)
     (20.266541776784763 -12.584982880904713 -58.113219941174606
      411.68211554132483 -53.434584680692922 -67.6637061878709
      -98.103165604458468 -142.04899802300787)
     (-47.841737506124439 -60.83145905525749 -39.537608883292151
      -53.434584680692922 341.68999422213108 -26.441928967047378
      -56.702475382322731 -56.900199747394012)
     (-75.877110596924908 -62.251141057922808 -41.426909671395528
      -67.6637061878709 -26.441928967047378 317.41358088059172
      -22.927328689410444 -20.825455710019654)
     (-199.22901422374557 -96.776390458130123 -56.947822354550709
      -98.103165604458468 -56.702475382322731 -22.927328689410444
      410.93518182637769 119.75101488624043)
     (-343.87238143354409 -166.23876617882343 -64.582245633905174
      -142.04899802300787 -56.900199747394012 -20.825455710019654
      119.75101488624043 674.717031840454)))))
 ((pools
   ((number_of_pools 8) (teams_per_pool 1) (cycles_per_pool 1)
    (multibracket ((8 0 0 0) (4 2 0 1 0) (2 0)))))
  ((samples 2229)
   (sums
    (857.25028674096313 287.60007097577193 218.59812788135355
     314.43696213644978 -31.781189079789822 -401.23614238623674
     -435.64139801040767 -809.22671825810426))
   (prods
    ((875.423701938644 -148.53433932241265 -24.140470025002923
      72.919287621943511 -45.983748310284376 -208.82351364111776
      -186.44350930039968 -334.41740896137009)
     (-148.53433932241265 609.88343278424145 -71.928620753104084
      -6.9107137397512943 -72.0657691502386 -103.41392497122769
      -82.967751271151059 -124.0623135763561)
     (-24.140470025002923 -71.928620753104084 512.92293084436108
      -22.998338826751326 -62.85462632038211 -110.52464943036692
      -98.473456332440108 -122.00276915631358)
     (72.919287621943511 -6.9107137397512943 -22.998338826751326
      448.621660154216 -62.329934322604061 -135.17829081402897
      -112.42303996899074 -181.70063010403319)
     (-45.983748310284376 -72.0657691502386 -62.85462632038211
      -62.329934322604061 417.10789349066289 -64.0942691340666
      -48.039334218892385 -61.74021203419467)
     (-208.82351364111776 -103.41392497122769 -110.52464943036692
      -135.17829081402897 -64.0942691340666 499.93374099555433
      27.110040261199991 94.99086673405364)
     (-186.44350930039968 -82.967751271151059 -98.473456332440108
      -112.42303996899074 -48.039334218892385 27.110040261199991
      393.54438130416753 107.69266952650659)
     (-334.41740896137009 -124.0623135763561 -122.00276915631358
      -181.70063010403319 -61.74021203419467 94.99086673405364
      107.69266952650659 621.23979757170753)))))
 ((pools
   ((number_of_pools 8) (teams_per_pool 1) (cycles_per_pool 1)
    (multibracket ((8 0 0 0) (2 1 0) (4 0 1 1 0)))))
  ((samples 1565)
   (sums
    (602.41797325154812 353.98932340388831 61.783779472882024
     132.37724622357993 42.284657364906039 -273.71715288712687
     -344.90705161220205 -574.22877521747569))
   (prods
    ((631.779558876181 -24.507795927170829 -91.141606930114577
      16.498910662698183 -12.667249253607755 -148.47381483682531
      -131.074628005608 -240.41337458555276)
     (-24.507795927170829 497.45361229073518 -75.4933325855849
      -5.6446778065661123 -19.225024126922573 -103.90083011334373
      -114.97596142882912 -153.7059903023179)
     (-91.141606930114577 -75.4933325855849 406.43022521674209
      -39.196176785135407 -43.152683120208515 -50.415164368918518
      -51.490077843924155 -55.541183582856114)
     (16.498910662698183 -5.6446778065661123 -39.196176785135407
      321.754685065118 -32.808650486762552 -87.426719587591109
      -81.977485414155538 -91.19988564760547)
     (-12.667249253607755 -19.225024126922573 -43.152683120208515
      -32.808650486762552 261.53213881164982 -38.234075690188085
      -53.408204491032443 -62.036251642927837)
     (-148.47381483682531 -103.90083011334373 -50.415164368918518
      -87.426719587591109 -38.234075690188085 340.04444553217149
      33.2917630594134 55.114396005281911)
     (-131.074628005608 -114.97596142882912 -51.490077843924155
      -81.977485414155538 -53.408204491032443 33.2917630594134
      308.49734924734651 91.137244876789282)
     (-240.41337458555276 -153.7059903023179 -55.541183582856114
      -91.19988564760547 -62.036251642927837 55.114396005281911
      91.137244876789282 456.64504487918884)))))
 ((pools
   ((number_of_pools 8) (teams_per_pool 1) (cycles_per_pool 1)
    (multibracket ((8 0 0 0) (2 1 0) (2 0)))))
  ((samples 304)
   (sums
    (121.9981654188489 75.343677212434244 63.082590342108752
     55.987601825842404 -7.30033284396277 -56.563699490510132
     -101.21021979903321 -151.33778266572824))
   (prods
    ((129.77607154152088 5.8757246001878389 17.643889022599524
      16.500592067331457 -14.027368208285644 -28.129992305255442
      -53.3641491994362 -74.2747675186624)
     (5.8757246001878389 96.265784469130367 13.75776798828881
      3.24062459850382 -10.356875287406226 -24.53745500848548
      -33.118316770544993 -51.127254589674124)
     (17.643889022599524 13.75776798828881 65.914494395382633
      6.9629940726415107 -12.07051026378376 -26.195578954072616
      -30.739491491597235 -35.273564769458872)
     (16.500592067331457 3.24062459850382 6.9629940726415107
      64.094359714734566 -6.5370793048427753 -16.324354164004411
      -33.104030713985196 -34.833106270378991)
     (-14.027368208285644 -10.356875287406226 -12.07051026378376
      -6.5370793048427753 60.850393067350154 -5.7243792010017867
      -0.26033672512633554 -11.87384407690362)
     (-28.129992305255442 -24.53745500848548 -26.195578954072616
      -16.324354164004411 -5.7243792010017867 74.177141182328171
      8.4686990408134069 18.265919409678133)
     (-53.3641491994362 -33.118316770544993 -30.739491491597235
      -33.104030713985196 -0.26033672512633554 8.4686990408134069
      103.16925184584292 38.948374014033632)
     (-74.2747675186624 -51.127254589674124 -35.273564769458872
      -34.833106270378991 -11.87384407690362 18.265919409678133
      38.948374014033632 150.16824380136626)))))
 ((pools
   ((number_of_pools 2) (teams_per_pool 4) (cycles_per_pool 1)
    (multibracket ((4 2 2 0) (4 2 0 0)))))
  ((samples 2229)
   (sums
    (1222.006644299478 150.37294810248994 -21.577788663050264
     145.32207131904866 -36.637864161032596 -375.72953700207262
     -373.28064811369109 -710.47582578117022))
   (prods
    ((1454.5829403552023 -331.138759493845 -173.29256249317652
      4.054616677360567 -71.429718293340812 -260.832521638353
      -214.37102594824137 -407.57296916560608)
     (-331.138759493845 793.257042343377 -163.32066066161275 -45.738403762312
      -63.7140613387869 -71.582841449647674 -49.019357583977211
      -68.742958053195437)
     (-173.29256249317652 -163.32066066161275 571.571441892995
      -57.323612460369283 -76.716251018025744 -34.429359141630023
      -42.442427892376472 -24.046568225804361)
     (4.054616677360567 -45.738403762312 -57.323612460369283
      439.72334855833583 -61.557822730949184 -92.2770000592687
      -86.379670787836233 -100.50145543496106)
     (-71.429718293340812 -63.7140613387869 -76.716251018025744
      -61.557822730949184 426.39889077395435 -60.473658320183688
      -48.043091732595549 -44.464287340072381)
     (-260.832521638353 -71.582841449647674 -34.429359141630023
      -92.2770000592687 -60.473658320183688 434.56434730484978
      21.241646186641123 63.789387117592241)
     (-214.37102594824137 -49.019357583977211 -42.442427892376472
      -86.379670787836233 -48.043091732595549 21.241646186641123
      339.76409637837639 79.2498313800094)
     (-407.57296916560608 -68.742958053195437 -24.046568225804361
      -100.50145543496106 -44.464287340072381 63.789387117592241
      79.2498313800094 502.28901972203772)))))
 ((pools
   ((number_of_pools 2) (teams_per_pool 4) (cycles_per_pool 1)
    (multibracket ((4 2 2 0) (4 0 0)))))
  ((samples 2229)
   (sums
    (1188.4597726500108 153.55838260682566 10.06310431353941
     151.99130188773242 -38.168202303416152 -320.90007749606957
     -408.9047728231223 -736.09950883550073))
   (prods
    ((1408.0339476543038 -331.33976058005004 -172.08569471874733
      6.5384165374323668 -66.861792675391769 -215.23919138464868
      -220.30946372247215 -408.73646111042626)
     (-331.33976058005004 785.05700987695423 -117.70625733834046
      -67.799074427123571 -52.656433654147691 -60.676151309549645
      -77.181696636755333 -77.6976359309875)
     (-172.08569471874733 -117.70625733834046 551.48224210874378
      -61.276795137450023 -65.483191076579658 -51.116766290256614
      -43.616379041538814 -40.197158505830942)
     (6.5384165374323668 -67.799074427123571 -61.276795137450023
      442.47215360795553 -59.211176767176 -83.180140260004961
      -83.385135819283619 -94.158247734349771)
     (-66.861792675391769 -52.656433654147691 -65.483191076579658
      -59.211176767176 390.84185270618326 -54.53603025411487
      -37.110901122589908 -54.982327156183324)
     (-215.23919138464868 -60.676151309549645 -51.116766290256614
      -83.180140260004961 -54.53603025411487 406.02707501244714
      -1.3158446029185669 60.037049089046207)
     (-220.30946372247215 -77.181696636755333 -43.616379041538814
      -83.385135819283619 -37.110901122589908 -1.3158446029185669
      379.73448322951566 83.184937716042725)
     (-408.73646111042626 -77.6976359309875 -40.197158505830942
      -94.158247734349771 -54.982327156183324 60.037049089046207
      83.184937716042725 532.54984363268886)))))
 ((pools
   ((number_of_pools 2) (teams_per_pool 4) (cycles_per_pool 1)
    (multibracket ((4 2 2 0) (2 0)))))
  ((samples 1769)
   (sums
    (951.5062870441584 121.21774139393534 46.18765036508259 176.2199635792183
     -48.276949039418682 -293.91841336068705 -320.44498937846362
     -632.49129060382541))
   (prods
    ((1124.7034652146549 -254.54476845627943 -113.6653784288729
      44.168548987909737 -63.156429664720925 -176.40462210562416
      -192.1512619324977 -368.94955361456942)
     (-254.54476845627943 621.9132464183333 -119.89291386444754
      -45.290890656807363 -40.742641366065136 -80.670065143484521
      -25.230603288009185 -55.541363643240217)
     (-113.6653784288729 -119.89291386444754 491.2075763596323
      -37.978974465984066 -71.306980872577753 -55.420862523087273
      -37.732049414801942 -55.210416789860936)
     (44.168548987909737 -45.290890656807363 -37.978974465984066
      361.49703596895233 -48.327322614133351 -90.269883613386867
      -76.319420630696214 -107.4790929758542)
     (-63.156429664720925 -40.742641366065136 -71.306980872577753
      -48.327322614133351 333.85059251335997 -47.183400186379323
      -32.63871125966272 -30.49510654982079)
     (-176.40462210562416 -80.670065143484521 -55.420862523087273
      -90.269883613386867 -47.183400186379323 373.52530600604541
      10.960689646993021 65.462837918923654)
     (-192.1512619324977 -25.230603288009185 -37.732049414801942
      -76.319420630696214 -32.63871125966272 10.960689646993021
      282.32451660674616 70.786840271928611)
     (-368.94955361456942 -55.541363643240217 -55.210416789860936
      -107.4790929758542 -30.49510654982079 65.462837918923654
      70.786840271928611 481.42585538249335)))))
 ((pools
   ((number_of_pools 2) (teams_per_pool 4) (cycles_per_pool 1)
    (multibracket ((4 2 2 0 0) (4 0 3 0)))))
  ((samples 2229)
   (sums
    (742.36063172308423 640.27134527758153 -0.90251478203502433
     171.75985284201656 -247.540285123056 -232.09019151690816
     -365.7141917149537 -708.14464670572931))
   (prods
    ((697.22246041059054 51.617246961875658 -157.75814497415314
      -4.4968417788375641 -119.32516944403893 -96.4097551535718
      -116.03716384016437 -254.81263218170022)
     (51.617246961875658 778.1527528656751 -175.79100194647449
      -36.528338139506651 -161.74483192029285 -109.22196773138384
      -121.98870351175579 -224.4951565781372)
     (-157.75814497415314 -175.79100194647449 605.54222157675486
      -59.650865288513742 -76.496458234758848 -57.972337934984104
      -33.176543131795619 -44.696870066074887)
     (-4.4968417788375641 -36.528338139506651 -59.650865288513742
      447.19212584135812 -98.271182335404589 -59.106985534073559
      -93.397608344877355 -95.740304420144682)
     (-119.32516944403893 -161.74483192029285 -76.496458234758848
      -98.271182335404589 463.24043419626025 -22.129904190122375
      -22.254523036630882 36.981634964988224)
     (-96.4097551535718 -109.22196773138384 -57.972337934984104
      -59.106985534073559 -22.129904190122375 351.95447499605956
      -14.604890335185459 7.4913658832615031)
     (-116.03716384016437 -121.98870351175579 -33.176543131795619
      -93.397608344877355 -22.254523036630882 -14.604890335185459
      333.3549919897776 68.104440210631964)
     (-254.81263218170022 -224.4951565781372 -44.696870066074887
      -95.740304420144682 36.981634964988224 7.4913658832615031
      68.104440210631964 507.16752218717528)))))
 ((pools
   ((number_of_pools 2) (teams_per_pool 4) (cycles_per_pool 1)
    (multibracket ((4 2 2 0 0) (6 1 0)))))
  ((samples 1357)
   (sums
    (456.8221850000765 422.34150644355373 23.213098508214181
     152.21052285333877 -115.93672170279159 -101.62549489907965
     -328.55082686659443 -508.47426933671744))
   (prods
    ((438.83601707113894 34.596338733576857 -90.033298167068821
      27.871350104793407 -67.672910600363679 -39.681727109965365
      -120.99389112785003 -182.92187890426126)
     (34.596338733576857 523.85361705705293 -102.47363480684594
      11.0525311514441 -66.727768352825436 -83.383572779875223
      -137.14446940785774 -179.77304159466945)
     (-90.033298167068821 -102.47363480684594 397.54604607340752
      -42.266805358946776 -41.107224411203511 -13.270036594909079
      -47.300428725982862 -61.094618008450489)
     (27.871350104793407 11.0525311514441 -42.266805358946776
      278.377065281505 -58.330866826263 -41.794353430516715
      -87.672046471660465 -87.236874450355529)
     (-67.672910600363679 -66.727768352825436 -41.107224411203511
      -58.330866826263 249.41241624490223 -28.000235952 -3.6492036939810255
      16.075793591734421)
     (-39.681727109965365 -83.383572779875223 -13.270036594909079
      -41.794353430516715 -28.000235952 222.21505992808426
      -11.381420856455268 -4.703713204362602)
     (-120.99389112785003 -137.14446940785774 -47.300428725982862
      -87.672046471660465 -3.6492036939810255 -11.381420856455268
      305.86288765375156 102.27857263003581)
     (-182.92187890426126 -179.77304159466945 -61.094618008450489
      -87.236874450355529 16.075793591734421 -4.703713204362602
      102.27857263003581 397.37575994032915)))))
 ((pools
   ((number_of_pools 2) (teams_per_pool 4) (cycles_per_pool 1)
    (multibracket ((4 2 2 0 0) (2 3 0)))))
  ((samples 2229)
   (sums
    (760.97429195321376 613.60357942101643 -6.5971417269776591
     199.00449636026207 -238.89072954761627 -180.07854009076536
     -394.69660037256534 -753.31935599656754))
   (prods
    ((751.19195434976382 51.17808966239879 -214.52464946095148
      45.799825673598306 -141.77282900235608 -71.523808914586269
      -153.64384989365647 -266.7047324142107)
     (51.17808966239879 739.75050095591121 -149.12078793336804
      -23.474651079895324 -148.78101901283642 -92.344058265163611
      -145.10256886578003 -232.1055054612666)
     (-214.52464946095148 -149.12078793336804 628.08535241002278
      -87.543448852661555 -61.220875144818088 -40.0084312970143
      -33.411985084190583 -42.255174637018804)
     (45.799825673598306 -23.474651079895324 -87.543448852661555
      443.05105698708974 -97.042717710456756 -78.641957623442337
      -77.419823208595815 -124.72828418563634)
     (-141.77282900235608 -148.78101901283642 -61.220875144818088
      -97.042717710456756 476.7523490267447 -26.299408778376257
      -19.303819219334233 17.668319841433252)
     (-71.523808914586269 -92.344058265163611 -40.0084312970143
      -78.641957623442337 -26.299408778376257 332.90141875831085
      -26.779736041902726 2.695982162174634)
     (-153.64384989365647 -145.10256886578003 -33.411985084190583
      -77.419823208595815 -19.303819219334233 -26.779736041902726
      358.74678209707724 96.915000216382481)
     (-266.7047324142107 -232.1055054612666 -42.255174637018804
      -124.72828418563634 17.668319841433252 2.695982162174634
      96.915000216382481 548.51439447814209)))))
 ((pools
   ((number_of_pools 2) (teams_per_pool 4) (cycles_per_pool 1)
    (multibracket ((4 4 0)))))
  ((samples 304)
   (sums
    (211.22117697766697 52.497853885726748 -7.7805446322141574
     15.487483049242957 -44.047907348532718 -73.061797839762988
     -58.978932813205276 -95.3373312789216))
   (prods
    ((261.70718715743851 -4.3514901485934 -41.330154772907527
      1.0650876162228804 -45.671247499328118 -60.455095337589654
      -45.855766823433463 -65.108520191809262)
     (-4.3514901485934 124.15166274958304 -28.5538294007656
      -1.8480234569713643 -30.316909630381588 -25.757131034513716
      -7.9458846244348589 -25.378394453922567)
     (-41.330154772907527 -28.5538294007656 109.02780399488356
      -19.033702435830975 -11.712436910601632 -6.6883468519649378
      -3.2809861398968314 1.5716525170839484)
     (1.0650876162228804 -1.8480234569713643 -19.033702435830975
      63.217850180326835 -2.64777639281547 -16.967341498256179
      -12.659778091740911 -11.126315920934815)
     (-45.671247499328118 -30.316909630381588 -11.712436910601632
      -2.64777639281547 82.270270119402653 1.1459582371798915
      4.0260724163646726 2.9060696601796083)
     (-60.455095337589654 -25.757131034513716 -6.6883468519649378
      -16.967341498256179 1.1459582371798915 83.882827309894253
      5.6080923455805225 19.231036829669829)
     (-45.855766823433463 -7.9458846244348589 -3.2809861398968314
      -12.659778091740911 4.0260724163646726 5.6080923455805225
      45.070776297174973 15.037474620385906)
     (-65.108520191809262 -25.378394453922567 1.5716525170839484
      -11.126315920934815 2.9060696601796083 19.231036829669829
      15.037474620385906 62.866996939347352)))))
 ((pools
   ((number_of_pools 2) (teams_per_pool 4) (cycles_per_pool 1)
    (multibracket ((8 0 0) (4 2 0 0)))))
  ((samples 1357)
   (sums
    (821.717592220381 117.95398030755209 -27.81500921967293 80.0839759455492
     -9.8952332552993045 -220.98118157836808 -271.61276283911286
     -489.45136158102878))
   (prods
    ((1021.9114032779464 -180.08172523482648 -131.18680931144578
      -10.17434559779513 -46.29928915024319 -146.35969064131194
      -181.91074291898781 -325.89880042333613)
     (-180.08172523482648 544.39292881816516 -105.3287895092661
      -48.013282693763394 -47.388608357359743 -58.051484463430413
      -36.804011322314679 -68.725027237204273)
     (-131.18680931144578 -105.3287895092661 371.22358900902481
      -34.470960556895896 -31.949196631136857 -24.396106012728069
      -21.177766155632739 -22.713960831919358)
     (-10.17434559779513 -48.013282693763394 -34.470960556895896
      290.90091982339834 -35.877747685496196 -60.06027728314605
      -46.532190073930849 -55.772115932370845)
     (-46.29928915024319 -47.388608357359743 -31.949196631136857
      -35.877747685496196 274.55014296831621 -34.423363313676774
      -46.737795767300824 -31.874142063102624)
     (-146.35969064131194 -58.051484463430413 -24.396106012728069
      -60.06027728314605 -34.423363313676774 252.16802202861587
      22.953839024062791 48.169060661614608)
     (-181.91074291898781 -36.804011322314679 -21.177766155632739
      -46.532190073930849 -46.737795767300824 22.953839024062791
      240.36397484883824 69.844692365265857)
     (-325.89880042333613 -68.725027237204273 -22.713960831919358
      -55.772115932370845 -31.874142063102624 48.169060661614608
      69.844692365265857 386.97029346105268)))))
 ((pools
   ((number_of_pools 2) (teams_per_pool 4) (cycles_per_pool 1)
    (multibracket ((8 0 0) (2 0)))))
  ((samples 664)
   (sums
    (410.21240690233617 74.251571410652758 36.64958163779729
     106.23579750638771 -8.7557223298640476 -112.43296433280564
     -205.05094277488604 -301.10972801961822))
   (prods
    ((495.26368880939992 -78.969859589223859 -10.584880363308825
      60.555304319947972 -24.618320735801124 -87.397689321758207
      -146.62874718691808 -207.61949593233794)
     (-78.969859589223859 283.83457746467764 -23.618311358379579
      -10.619418502252209 -25.577173271769645 -44.4757743342022
      -53.004165949607184 -47.56987445924301)
     (-10.584880363308825 -23.618311358379579 171.56968422078361
      -5.0637688998426214 -21.07125342129963 -26.849945899837092
      -31.208007560508875 -53.173516717607)
     (60.555304319947972 -10.619418502252209 -5.0637688998426214
      145.16907843100623 -21.105951950607121 -44.959460681084707
      -58.142314104682846 -65.833468612484708)
     (-24.618320735801124 -25.577173271769645 -21.07125342129963
      -21.105951950607121 131.33102475692925 -1.1785064018570912
      -14.005268171092586 -23.774550804502042)
     (-87.397689321758207 -44.4757743342022 -26.849945899837092
      -44.959460681084707 -1.1785064018570912 156.08321210752641
      15.249642073196787 33.528522458016049)
     (-146.62874718691808 -53.004165949607184 -31.208007560508875
      -58.142314104682846 -14.005268171092586 15.249642073196787
      200.99461691616989 86.744243983442843)
     (-207.61949593233794 -47.56987445924301 -53.173516717607
      -65.833468612484708 -23.774550804502042 33.528522458016049
      86.744243983442843 277.69814008471576)))))
 ((pools
   ((number_of_pools 2) (teams_per_pool 4) (cycles_per_pool 1)
    (multibracket ((8 0 0 0) (4 0 3 0)))))
  ((samples 1190)
   (sums
    (433.766590493447 365.206684083018 9.5133713945757226 89.648893447825
     -99.005604829409123 -166.86732290674851 -240.8610693924266
     -391.40154229028155))
   (prods
    ((426.21852632315273 48.558112053598713 -78.38870441527574
      -7.3892521714740376 -58.792905641291355 -88.967320841924
      -100.07308224689631 -141.16537305988993)
     (48.558112053598713 448.13661643042451 -83.7229347045893
      -24.740024073500784 -60.041542871904362 -90.190722238326643
      -101.73255601943242 -136.26694857626961)
     (-78.38870441527574 -83.7229347045893 316.70861472964106
      -38.836029991943605 -36.3781065615776 -31.751195274389481
      -22.190897295391355 -25.440746486473962)
     (-7.3892521714740376 -24.740024073500784 -38.836029991943605
      261.04858452382456 -51.079853675190371 -28.552709612060685
      -51.023254675882583 -59.4274603237725)
     (-58.792905641291355 -60.041542871904362 -36.3781065615776
      -51.079853675190371 235.58228105419659 -23.391482040661398
      -7.3974995320779 1.4991092685064382)
     (-88.967320841924 -90.190722238326643 -31.751195274389481
      -28.552709612060685 -23.391482040661398 228.31492320521323
      4.6035914654836638 29.934915336665352)
     (-100.07308224689631 -101.73255601943242 -22.190897295391355
      -51.023254675882583 -7.3974995320779 4.6035914654836638
      219.91549853258906 57.898199771607914)
     (-141.16537305988993 -136.26694857626961 -25.440746486473962
      -59.4274603237725 1.4991092685064382 29.934915336665352
      57.898199771607914 272.9683040696263)))))
 ((pools
   ((number_of_pools 2) (teams_per_pool 4) (cycles_per_pool 1)
    (multibracket ((8 0 0 0) (2 1 0) (4 0 1 1 0)))))
  ((samples 2229)
   (sums
    (845.44479445790444 487.5383967938962 44.987398833686768
     171.43847660209673 -31.359319432536061 -278.21747328393997
     -460.61826334739396 -779.21401062371422))
   (prods
    ((860.37824627227883 12.359071244862339 -155.37689100967293
      2.0836402011640875 -46.326681878273561 -146.24220091465179
      -206.13585946624659 -320.73932444946036)
     (12.359071244862339 701.906633530038 -129.02559347940465
      -25.169799298386106 -75.571102332659876 -125.89530249470339
      -162.33688337270948 -196.26702379703679)
     (-155.37689100967293 -129.02559347940465 557.62808503490976
      -54.908606561626655 -59.994923276799767 -48.777813409201514
      -52.210382894625248 -57.333874403579)
     (2.0836402011640875 -25.169799298386106 -54.908606561626655
      440.58208181906792 -51.616183835535907 -87.763766753614988
      -98.200253434768584 -125.00711213629982)
     (-46.326681878273561 -75.571102332659876 -59.994923276799767
      -51.616183835535907 396.90709861165561 -50.689267447575268
      -61.362208226698812 -51.346731614112372)
     (-146.24220091465179 -125.89530249470339 -48.777813409201514
      -87.763766753614988 -50.689267447575268 380.66472327178838
      25.896983576317851 52.806644171640741)
     (-206.13585946624659 -162.33688337270948 -52.210382894625248
      -98.200253434768584 -61.362208226698812 25.896983576317851
      439.87069982257123 114.47790399615967)
     (-320.73932444946036 -196.26702379703679 -57.333874403579
      -125.00711213629982 -51.346731614112372 52.806644171640741
      114.47790399615967 583.4095182326879)))))
 ((pools
   ((number_of_pools 2) (teams_per_pool 4) (cycles_per_pool 1)
    (multibracket ((8 0 0 0) (2 1 0) (2 0)))))
  ((samples 460)
   (sums
    (160.17268772512577 130.30846375077843 77.2092486940715
