(((pools
   ((number_of_pools 8) (teams_per_pool 1) (cycles_per_pool 1)
    (multibracket ((8 0 0 0) (4 0 3 0 0) (2 1 3 0 0)))))
  ((samples 7499)
   (sums
    (2972.0450026419539 1026.8278914548323 224.03133352344048
     652.20600535666881 124.2665848744805 -1256.8971050945879
     -1627.2764758818457 -2115.2032368749442))
   (prods
    ((3048.5540286940304 -464.29030552933295 -358.94786120673564
      65.0823419905324 -70.527023137738567 -587.56627231108473
      -738.1035535278952 -894.20135497177444)
     (-464.29030552933295 2225.9928532914146 -460.04836640258264
      -146.52560660534425 -145.21701709657668 -344.86060455262577
      -304.90814753822315 -360.142805566729)
     (-358.94786120673564 -460.04836640258264 1771.7753118692444
      -152.97017474782518 -204.46081063013963 -261.234479283377
      -200.1934307003088 -133.92018889827821)
     (65.0823419905324 -146.52560660534425 -152.97017474782518
      1430.1717190934728 -187.53740117512243 -366.00939935709164
      -316.78859947295047 -325.42287972567129)
     (-70.527023137738567 -145.21701709657668 -204.46081063013963
      -187.53740117512243 1312.352747413089 -251.674987742699
      -251.63327496779169 -201.3022326630217)
     (-587.56627231108473 -344.86060455262577 -261.234479283377
      -366.00939935709164 -251.674987742699 1478.37725959013
      119.44511196225891 213.52337169448839)
     (-738.1035535278952 -304.90814753822315 -200.1934307003088
      -316.78859947295047 -251.63327496779169 119.44511196225891
      1377.3197690791862 314.86212516572527)
     (-894.20135497177444 -360.142805566729 -133.92018889827821
      -325.42287972567129 -201.3022326630217 213.52337169448839
      314.86212516572527 1386.6039649652621)))))
 ((pools
   ((number_of_pools 8) (teams_per_pool 1) (cycles_per_pool 1)
    (multibracket ((8 0 0 0) (4 0 3 0 0) (4 0 0)))))
  ((samples 6205)
   (sums
    (2386.7227057595187 830.63440422272743 376.62151356896277
     641.34813802077292 184.07517524635588 -823.80326179819917
     -1369.5985805221276 -2226.00009449801))
   (prods
    ((2397.9020913888617 -384.51806525000887 -211.25399837830494
      72.957403712616241 -8.6172106032145663 -361.73843352712129
      -611.71421762215755 -893.0175697206721)
     (-384.51806525000887 1802.8826132790487 -321.4437560222056
      -52.19419308369217 -112.49427143433542 -229.11771609205488
      -292.36725910025791 -410.74735229649559)
     (-211.25399837830494 -321.4437560222056 1479.8158926605438
      -76.366962286007592 -167.08083977054537 -226.78929645693822
      -207.55853786524438 -269.32250188129825)
     (72.957403712616241 -52.19419308369217 -76.366962286007592
      1161.6610844725678 -103.1854990908746 -283.60093939804943
      -321.48254005208048 -397.78835427448007)
     (-8.6172106032145663 -112.49427143433542 -167.08083977054537
      -103.1854990908746 1023.2694032300551 -176.21491974982388
      -201.96608425004172 -253.71057833121969)
     (-361.73843352712129 -229.11771609205488 -226.78929645693822
      -283.60093939804943 -176.21491974982388 1084.989812560721
      47.235895680135251 145.23559698313056)
     (-611.71421762215755 -292.36725910025791 -207.55853786524438
      -321.48254005208048 -201.96608425004172 47.235895680135251
      1251.0100738755575 336.84266933408907)
     (-893.0175697206721 -410.74735229649559 -269.32250188129825
      -397.78835427448007 -253.71057833121969 145.23559698313056
      336.84266933408907 1742.5080901869469)))))
 ((pools
   ((number_of_pools 8) (teams_per_pool 1) (cycles_per_pool 1)
    (multibracket ((8 0 0 0) (4 0 3 0 0) (2 1 0)))))
  ((samples 5555)
   (sums
    (2173.9373584115597 743.03458758586794 314.25408153416288
     661.01346805307753 194.74560405330783 -918.40009592938964
     -1176.6078612160911 -1991.9771424924943))
   (prods
    ((2198.9394769265978 -318.90358697367049 -233.34646350890611
      139.04789650738758 8.996783075580943 -467.96209136980997
      -494.80907956361273 -831.96293509356781)
     (-318.90358697367049 1598.357673029001 -293.00864782808139
      -70.165401235191752 -87.443707328687054 -252.51818517878161
      -234.98952786234909 -341.32861662224025)
     (-233.34646350890611 -293.00864782808139 1315.7095016482433
      -43.853561617572716 -89.857526050989591 -234.82762619924446
      -183.71848094749623 -237.09719549595485)
     (139.04789650738758 -70.165401235191752 -43.853561617572716
      1066.2442792987606 -113.96268976205113 -292.95194376405232
      -311.0707463830625 -373.28783304421631)
     (8.996783075580943 -87.443707328687054 -89.857526050989591
      -113.96268976205113 879.07981625204059 -180.90268200917802
      -185.72988930064957 -230.18010487606693)
     (-467.96209136980997 -252.51818517878161 -234.82762619924446
      -292.95194376405232 -180.90268200917802 1139.7091410114608
      81.260375672265212 208.19301183734018)
     (-494.80907956361273 -234.98952786234909 -183.71848094749623
      -311.0707463830625 -185.72988930064957 81.260375672265212
      1054.0909498614847 274.96639852341991)
     (-831.96293509356781 -341.32861662224025 -237.09719549595485
      -373.28783304421631 -230.18010487606693 208.19301183734018
      274.96639852341991 1530.6972747712853)))))
 ((pools
   ((number_of_pools 8) (teams_per_pool 1) (cycles_per_pool 1)
    (multibracket ((8 0 0 0) (4 0 3 0 0) (1)))))
  ((samples 273)
   (sums
    (98.964354004711339 38.201591265519774 54.26859850429507
     29.041245169270184 -27.175720200686548 -41.047408156232038
     -54.434133801640442 -97.818526785237268))
   (prods
    ((103.62015830079733 -21.599161309983167 6.0145684162444155
      4.3768157340273577 -8.6156513591959243 -18.909495321070644
      -27.412714215899214 -37.474520244920143)
     (-21.599161309983167 78.881327658877282 -3.3868090866186353
      -4.0252039063846938 -14.51100054879373 -13.185191234332985
      -2.20103828659421 -19.972923286169884)
     (6.0145684162444155 -3.3868090866186353 80.37638019206878
      -5.7481336754796821 -19.458102896498161 -18.740537071770483
      -20.244436419340033 -18.812929458606217)
     (4.3768157340273577 -4.0252039063846938 -5.7481336754796821
      50.049913544491965 -10.201066295824628 -7.3405351619133832
      -9.9890765671098336 -17.1227136718071)
     (-8.6156513591959243 -14.51100054879373 -19.458102896498161
      -10.201066295824628 62.512823684470462 -3.7113032398018131
      -4.3553462132112362 -1.6603531311449662)
     (-18.909495321070644 -13.185191234332985 -18.740537071770483
      -7.3405351619133832 -3.7113032398018131 48.441629585745204
      4.81564160813838 8.6297908350057)
     (-27.412714215899214 -2.20103828659421 -20.244436419340033
      -9.9890765671098336 -4.3553462132112362 4.81564160813838
      47.735956523451193 11.651013570564988)
     (-37.474520244920143 -19.972923286169884 -18.812929458606217
      -17.1227136718071 -1.6603531311449662 8.6297908350057
      11.651013570564988 74.762635387077609)))))
 ((pools
   ((number_of_pools 8) (teams_per_pool 1) (cycles_per_pool 1)
    (multibracket ((8 0 0 0) (4 2 0 1 0) (2 3 0 1 0)))))
  ((samples 11649)
   (sums
    (4621.4458117275472 1523.9874929882071 315.0269020295151
     820.73650956551637 -237.16139055817314 -1057.7248403878607
     -2750.7278361504268 -3235.5826492143237))
   (prods
    ((4743.3976067516351 -717.79129797762459 -654.2638424353388
      2.1128800850268727 -323.20110415430048 -551.719832835072
      -1156.1845370342874 -1342.349872400039)
     (-717.79129797762459 3341.4380199039479 -686.15362336500436
      -267.88651324063028 -330.18275108472386 -311.32397615086188
      -540.41979937230872 -487.68005871279524)
     (-654.2638424353388 -686.15362336500436 2767.4172128134455
      -278.15620036943039 -298.91350521976415 -268.61233403324286
      -345.91947223714919 -235.39823515351637)
     (2.1128800850268727 -267.88651324063028 -278.15620036943039
      2223.7870796138482 -353.52779333110942 -406.33943245138209
      -481.87315258608555 -438.11686772023654)
     (-323.20110415430048 -330.18275108472386 -298.91350521976415
      -353.52779333110942 1974.5172852698304 -237.51108307049822
      -272.74752392798138 -158.43352448145413)
     (-551.719832835072 -311.32397615086188 -268.61233403324286
      -406.33943245138209 -237.51108307049822 1775.4607845824939
      -26.402501006991155 26.448374965554692)
     (-1156.1845370342874 -540.41979937230872 -345.91947223714919
      -481.87315258608555 -272.74752392798138 -26.402501006991155
      2304.0210885075257 519.52589765727726)
     (-1342.349872400039 -487.68005871279524 -235.39823515351637
      -438.11686772023654 -158.43352448145413 26.448374965554692
      519.52589765727726 2116.0042858452107)))))
 ((pools
   ((number_of_pools 8) (teams_per_pool 1) (cycles_per_pool 1)
    (multibracket ((8 0 0 0) (4 2 0 1 0) (4 0 1 1 0)))))
  ((samples 7482)
   (sums
    (2926.817503293285 1051.9014222463256 206.9498318976872
     567.67895055437441 -220.8875535122221 -874.57843611352337
     -1290.7904266017194 -2367.0912917642054))
   (prods
    ((2989.5538904079804 -421.21687223525828 -375.91514038842968
      4.4997206546723465 -224.31699896609061 -444.9490852707907
      -552.992718147667 -974.66279605441582)
     (-421.21687223525828 2188.4962753755553 -463.00143576595883
      -147.2431105381313 -198.33186508340003 -283.96042654657424
      -251.30060813566337 -423.44195707056952)
     (-375.91514038842968 -463.00143576595883 1758.0899078529392
      -186.88599773994082 -212.66401334503882 -183.8624140876023
      -166.2441834512349 -169.51672307473211)
     (4.4997206546723465 -147.2431105381313 -186.88599773994082
      1493.5253141061662 -249.02084617138541 -295.33940770720415
      -268.36838773026642 -351.16728487391072)
     (-224.31699896609061 -198.33186508340003 -212.66401334503882
      -249.02084617138541 1249.0298379057037 -139.68545832965756
      -133.25479823245195 -91.755857777679807)
     (-444.9490852707907 -283.96042654657424 -183.8624140876023
      -295.33940770720415 -139.68545832965756 1249.7440883745721
      -7.1676480503092392 105.22035161756598)
     (-552.992718147667 -251.30060813566337 -166.2441834512349
      -268.36838773026642 -133.25479823245195 -7.1676480503092392
      1119.9615518101511 259.36679193744135)
     (-974.66279605441582 -423.44195707056952 -169.51672307473211
      -351.16728487391072 -91.755857777679807 105.22035161756598
      259.36679193744135 1645.9574752963006)))))
 ((pools
   ((number_of_pools 8) (teams_per_pool 1) (cycles_per_pool 1)
    (multibracket ((8 0 0 0) (4 2 0 1 0) (2 1 1 0)))))
  ((samples 8316)
   (sums
    (3269.5093087928594 1122.9427022971508 315.16035043078159
     736.44046942771911 -99.599255169864136 -560.11566347367375
     -1803.922375666255 -2980.4155366387149))
   (prods
    ((3314.2946937894435 -478.1864163227699 -387.07052378521246
      51.504439292621747 -176.67674978348464 -285.86343085061804
      -765.25680001693627 -1272.7452123230441)
     (-478.1864163227699 2363.818563287211 -384.65552370835525
      -157.8191812030359 -248.33416970878764 -196.28231272730369
      -378.94178319880746 -519.59917641815082)
     (-387.07052378521246 -384.65552370835525 1914.4300659149212
      -129.71869460765518 -244.8789608615121 -209.66297594123466
      -286.41193450587122 -272.03145250508078)
     (51.504439292621747 -157.8191812030359 -129.71869460765518
      1540.3530948606081 -186.36243992130937 -242.70305338946034
      -406.61250845996335 -468.64165657180536)
     (-176.67674978348464 -248.33416970878764 -244.8789608615121
      -186.36243992130937 1404.9298440136308 -179.25667031520612
      -178.12383456559519 -191.29701885773537)
     (-285.86343085061804 -196.28231272730369 -209.66297594123466
      -242.70305338946034 -179.25667031520612 1187.4821660023724
      -69.51438268854119 -4.1993400900087527)
     (-765.25680001693627 -378.94178319880746 -286.41193450587122
      -406.61250845996335 -178.12383456559519 -69.51438268854119
      1661.8192701401736 423.04197329554029)
     (-1272.7452123230441 -519.59917641815082 -272.03145250508078
      -468.64165657180536 -191.29701885773537 -4.1993400900087527
      423.04197329554029 2305.4718834702849)))))
 ((pools
   ((number_of_pools 8) (teams_per_pool 1) (cycles_per_pool 1)
    (multibracket ((8 0 0 0) (4 2 0 1 0) (2 0)))))
  ((samples 1622)
   (sums
    (652.86994284184243 176.34784441999616 154.33969149043077
     222.31822527429915 7.6185529243541108 -301.18835715297467
     -325.57580022916653 -586.73009956878172))
   (prods
    ((681.35910408764391 -138.35737261464959 -41.1460307733239
      46.294463592386094 -21.395864854744353 -145.21033165974168
      -132.01606416599526 -249.5279036115752)
     (-138.35737261464959 475.092625661807 -53.331115906857235
      -9.451138363138071 -45.936657336506507 -82.0132004300674
      -53.3410792391894 -92.6620617713989)
     (-41.1460307733239 -53.331115906857235 413.81621580187158
      -9.2089581410445582 -52.116841003162747 -82.489345816876536
      -78.406568241009836 -97.117355919596761)
     (46.294463592386094 -9.451138363138071 -9.2089581410445582
      311.04858285912451 -38.30386936101867 -96.301063699694311
      -90.997754372214814 -113.08026251440023)
     (-21.395864854744353 -45.936657336506507 -52.116841003162747
      -38.30386936101867 324.61425634433465 -61.653176300706328
      -50.207955674669869 -54.999891813526176)
     (-145.21033165974168 -82.0132004300674 -82.489345816876536
      -96.301063699694311 -61.653176300706328 369.64710165299346
      33.075734918904018 64.944281335188819)
     (-132.01606416599526 -53.3410792391894 -78.406568241009836
      -90.997754372214814 -50.207955674669869 33.075734918904018
      282.284919104662 89.608767669513156)
     (-249.5279036115752 -92.6620617713989 -97.117355919596761
      -113.08026251440023 -54.999891813526176 64.944281335188819
      89.608767669513156 452.83442662579523)))))
 ((pools
   ((number_of_pools 8) (teams_per_pool 1) (cycles_per_pool 1)
    (multibracket ((8 0 0 0) (4 2 0 1 0) (1)))))
  ((samples 273)
   (sums
    (109.58327694202207 25.750646679358848 38.195762965967177
     20.647843238943906 -2.0512284985505636 -41.126496584729828
     -57.87312780508622 -93.126676937925339))
   (prods
    ((112.60561493761575 -23.004962855830165 4.4749204510820748
      -4.8915024728393428 -5.3050636530035389 -19.444910846130337
      -22.732735018178996 -41.701360542715463)
     (-23.004962855830165 77.952245183504346 -11.063560009025529
      -3.9960773095581121 -6.2932983783420857 -7.8463702468102481
      -18.407335696932265 -7.34064068700598)
     (4.4749204510820748 -11.063560009025529 72.531789625035557
      -3.5503204554561791 -7.3293863316384193 -20.207672404600178
      -12.217911274701923 -22.637859600695393)
     (-4.8915024728393428 -3.9960773095581121 -3.5503204554561791
      52.7748279198067 -11.7836430223275 -10.056558850313694
      -5.7780181348885753 -12.718707674423293)
     (-5.3050636530035389 -6.2932983783420857 -7.3293863316384193
      -11.7836430223275 49.355193670897421 -10.036193712597226
      -1.6502241284278534 -6.9573844445607911)
     (-19.444910846130337 -7.8463702468102481 -20.207672404600178
      -10.056558850313694 -10.036193712597226 56.946780641970264
      0.234151320908345 10.410774097573066)
     (-22.732735018178996 -18.407335696932265 -12.217911274701923
      -5.7780181348885753 -1.6502241284278534 0.234151320908345
      48.24775210918822 12.30432082303304)
     (-41.701360542715463 -7.34064068700598 -22.637859600695393
      -12.718707674423293 -6.9573844445607911 10.410774097573066
      12.30432082303304 68.64085802879481)))))
 ((pools
   ((number_of_pools 8) (teams_per_pool 1) (cycles_per_pool 1)
    (multibracket ((8 0 0 0) (2 1 0) (4 0 1 1 0)))))
  ((samples 1300)
   (sums
    (496.37507551866781 272.60616053610471 30.930848439446343
     149.29269911252987 19.35534454552824 -227.45378901583922
     -280.47999576583152 -460.62634337060609))
   (prods
    ((501.95283168029755 -26.570224507114357 -79.320651508422344
      24.083035260005538 -7.14401631355829 -111.84655478111262
      -116.17177555887795 -184.98264427121754)
     (-26.570224507114357 430.46119971758526 -76.241096161200474
      -0.47316439313777403 -28.859164003988393 -93.099612097904711
      -85.615021790388326 -119.60291676385127)
     (-79.320651508422344 -76.241096161200474 351.39826089186636
      -39.565535858542574 -44.935401739994738 -33.93274541645394
      -45.435704230416675 -31.967125976835668)
     (24.083035260005538 -0.47316439313777403 -39.565535858542574
      271.70649763473375 -35.357413202859419 -70.0463061764481
      -59.585204468643504 -90.761908795107914)
     (-7.14401631355829 -28.859164003988393 -44.935401739994738
      -35.357413202859419 235.31077419933678 -44.338950485596449
      -30.290041586134645 -44.385786867204821)
     (-111.84655478111262 -93.099612097904711 -33.93274541645394
      -70.0463061764481 -44.338950485596449 272.72691307940175
      27.886409397432523 52.650846480681508)
     (-116.17177555887795 -85.615021790388326 -45.435704230416675
      -59.585204468643504 -30.290041586134645 27.886409397432523
      248.97607298791888 60.235265249109752)
     (-184.98264427121754 -119.60291676385127 -31.967125976835668
      -90.761908795107914 -44.385786867204821 52.650846480681508
      60.235265249109752 358.81427094442597)))))
 ((pools
   ((number_of_pools 8) (teams_per_pool 1) (cycles_per_pool 1)
    (multibracket ((8 0 0 0) (2 1 0) (2 0)))))
  ((samples 131)
   (sums
    (54.609217192940804 40.828139011210254 25.459728659909384
     29.730588452551462 -10.164622627451809 -32.636578514954167
     -40.419809449373147 -67.406662724832785))
   (prods
    ((56.536882381843519 3.6229849070034623 11.423869337215187
      9.8355911187212559 -9.0689320819431281 -16.365232966055963
      -18.585387586708794 -37.399775110075545)
     (3.6229849070034623 52.99024985250891 0.27672750728746137
      9.4992400015383769 -13.118889020742555 -13.557381925828045
      -13.058520176742649 -26.654411145024987)
     (11.423869337215187 0.27672750728746137 34.553812383248882
      1.0774195271298976 -3.5574168389364669 -11.149507232454567
      -12.073227863292592 -20.5516768201978)
     (9.8355911187212559 9.4992400015383769 1.0774195271298976
      32.744162733214459 -9.498623627567202 -13.14066014735706
      -11.419873307589453 -19.097256298090272)
     (-9.0689320819431281 -13.118889020742555 -3.5574168389364669
      -9.498623627567202 33.010714189453942 2.5797699870082047
      -3.9045509666938387 3.5579283594210422)
     (-16.365232966055963 -13.557381925828045 -11.149507232454567
      -13.14066014735706 2.5797699870082047 37.047937081705172
      2.5025055731617645 12.082569629820489)
     (-18.585387586708794 -13.058520176742649 -12.073227863292592
      -11.419873307589453 -3.9045509666938387 2.5025055731617645
      41.066555898603553 15.472498429261995)
     (-37.399775110075545 -26.654411145024987 -20.5516768201978
      -19.097256298090272 3.5579283594210422 12.082569629820489
      15.472498429261995 72.5901229548851)))))
 ((pools
   ((number_of_pools 8) (teams_per_pool 1) (cycles_per_pool 1)
    (multibracket ((8 0 0 0) (2 1 0) (1)))))
  ((samples 273)
   (sums
    (103.38547941379758 64.425016058354984 77.923897467314475
     34.638297437247623 1.1375889954284077 -55.852059530468352
     -92.830389916858351 -132.82782992481634))
   (prods
    ((103.9136038493218 5.2426645822885165 23.735235269769753
      8.76317911872556 0.75538372776053953 -29.37461397994862
      -51.379477486529638 -61.655975081387908)
     (5.2426645822885165 80.388336545812734 10.297203577361808
      3.8383671646880941 -9.9188212319443458 -20.0797316321788
      -29.955934785442118 -39.812084220585923)
     (23.735235269769753 10.297203577361808 84.390136128980174
      4.6400691524327966 -11.302859950513929 -27.628061557346342
      -37.125949244623087 -47.005773376061178)
     (8.76317911872556 3.8383671646880941 4.6400691524327966
      45.875558712245535 -6.1288493060087461 -14.125358668141658
      -14.539264723699196 -28.323701450242378)
     (0.75538372776053953 -9.9188212319443458 -11.302859950513929
      -6.1288493060087461 55.247143601895004 -3.8326832060667875
      -12.482502307375483 -12.336811327746272)
     (-29.37461397994862 -20.0797316321788 -27.628061557346342
      -14.125358668141658 -3.8326832060667875 72.990877379134133
      6.2574105913037075 15.79216107324438)
     (-51.379477486529638 -29.955934785442118 -37.125949244623087
      -14.539264723699196 -12.482502307375483 6.2574105913037075
      95.167057631249534 44.058660325116278)
     (-61.655975081387908 -39.812084220585923 -47.005773376061178
      -28.323701450242378 -12.336811327746272 15.79216107324438
      44.058660325116278 129.28352405766293)))))
 ((pools
   ((number_of_pools 8) (teams_per_pool 1) (cycles_per_pool 1)
    (multibracket ((8 0 0 0) (1) (4 2 0 0)))))
  ((samples 273)
   (sums
    (96.808626985562256 96.01566548707892 -12.638164076928595
     17.950115780760505 8.65710009127808 -61.582468698450313
     -63.180112207621221 -82.030763361679647))
   (prods
    ((97.629628293673818 14.429812143470793 -29.258996505262012
      2.6824015723860515 -0.19290978901171307 -25.286002571843458
      -27.708790981248086 -32.295142162165369)
     (14.429812143470793 111.70669906421283 -30.311682845507733
      -4.3989871344684319 -4.3870052148643293 -24.359742405788118
      -31.555572254108085 -31.123521352946895)
     (-29.258996505262012 -30.311682845507733 88.787107854423766
      -10.902840393970843 -3.7337483054889726 -12.466856179181635
      -2.0403958056334344 -0.0725878193791627)
     (2.6824015723860515 -4.3989871344684319 -10.902840393970843
      52.4181699247158 -6.0635187306774574 -11.245149515309716
      -12.023751930182961 -10.466323792492448)
     (-0.19290978901171307 -4.3870052148643293 -3.7337483054889726
      -6.0635187306774574 42.1890408510285 -10.767662659114409
      -8.34866325678475 -8.6955328950868633)
     (-25.286002571843458 -24.359742405788118 -12.466856179181635
      -11.245149515309716 -10.767662659114409 61.97131934716208
      11.567811429894654 10.586282554180585)
     (-27.708790981248086 -31.555572254108085 -2.0403958056334344
      -12.023751930182961 -8.34866325678475 11.567811429894654
      57.116296057395878 12.993066740666791)
     (-32.295142162165369 -31.123521352946895 -0.0725878193791627
      -10.466323792492448 -8.6955328950868633 10.586282554180585
      12.993066740666791 59.073758727223378)))))
 ((pools
   ((number_of_pools 8) (teams_per_pool 1) (cycles_per_pool 1)
    (multibracket ((8 0 0 0) (1) (2 0)))))
  ((samples 273)
   (sums
    (90.397299890019525 94.847601353743357 36.479548237635825
     47.331709244948868 -9.0423924340408366 -55.160198404506659
     -84.0778549267917 -120.77571296100832))
   (prods
    ((86.716314134687565 16.180096684853297 1.822106853436027
      12.585415112398589 -8.7379117956995351 -21.706067343126243
      -35.716024262244922 -51.143929384304755)
     (16.180096684853297 116.99568266595566 -4.8112050928343564
      11.567663139787177 -20.03612688033607 -40.241501968274278
      -30.427730239811524 -49.226878309339874)
     (1.822106853436027 -4.8112050928343564 72.807755463673942
      -3.4655156441506456 -15.233420813672479 -17.292910052804871
      -15.544941713499412 -18.281869000148212)
     (12.585415112398589 11.567663139787177 -3.4655156441506456
      58.713656107879913 -3.2005075293668934 -21.996876049552892
      -19.918784091236319 -34.285051045758955)
     (-8.7379117956995351 -20.03612688033607 -15.233420813672479
      -3.2005075293668934 66.271317995657355 0.32272348577766197
      -12.077426562378628 -7.3086478999814126)
     (-21.706067343126243 -40.241501968274278 -17.292910052804871
      -21.996876049552892 0.32272348577766197 73.655464828215472
      7.95532990762315 19.303837192141998)
     (-35.716024262244922 -30.427730239811524 -15.544941713499412
      -19.918784091236319 -12.077426562378628 7.95532990762315
      72.871078026339944 32.858498935207692)
     (-51.143929384304755 -49.226878309339874 -18.281869000148212
      -34.285051045758955 -7.3086478999814126 19.303837192141998
      32.858498935207692 108.08403951218347)))))
 ((pools
   ((number_of_pools 2) (teams_per_pool 4) (cycles_per_pool 1)
    (multibracket ((4 2 2 0 0) (2 1 0) (1)))))
  ((samples 273)
   (sums
    (85.0822527235268 34.067323094623575 55.158721664358666
     28.914416451817807 -10.066341450307206 -46.870575262455489
     -57.818874092940867 -88.466923128623179))
   (prods
    ((74.276309864140416 -21.398265920445027 8.5274021714589079
      6.5569193158758381 -6.8988803109830013 -15.43522895208673
      -18.006460335068905 -27.621795832891497)
     (-21.398265920445027 81.011582015178632 -1.641313825635393
      -10.681352706277494 -9.1549158050328057 -14.361064851814684
      -10.776459782877314 -12.998209123095929)
     (8.5274021714589079 -1.641313825635393 74.997801704089014
      -6.6291933893403758 -10.044319239590301 -25.301602716586789
      -16.665152854122759 -23.243621850272312)
     (6.5569193158758381 -10.681352706277494 -6.6291933893403758
      52.634152708734533 -7.1943214365012569 -7.7672730437093751
      -8.6487975845518328 -18.270133864230051)
     (-6.8988803109830013 -9.1549158050328057 -10.044319239590301
      -7.1943214365012569 49.449716939502551 -9.2783190164166633
      -7.0932599033716883 0.21429877239318307)
     (-15.43522895208673 -14.361064851814684 -25.301602716586789
      -7.7672730437093751 -9.2783190164166633 57.55363180504753
      2.4531735582415779 12.136683217325146)
     (-18.006460335068905 -10.776459782877314 -16.665152854122759
      -8.6487975845518328 -7.0932599033716883 2.4531735582415779
      46.8420304573242 11.89492644442673)
     (-27.621795832891497 -12.998209123095929 -23.243621850272312
      -18.270133864230051 0.21429877239318307 12.136683217325146
      11.89492644442673 57.88785223634472)))))
 ((pools
   ((number_of_pools 2) (teams_per_pool 4) (cycles_per_pool 1)
    (multibracket ((4 2 2 0 0) (1) (4 2 0 0)))))
  ((samples 273)
   (sums
    (82.450410392711333 78.5856896765226 11.088403173661195
     24.625829917852347 -18.610455763548934 -39.049122128881329
     -55.224845598946771 -83.86590966937041))
   (prods
    ((72.689926968524077 4.20868643809151 -7.8065666991516212
      1.4113885527614134 -5.2666223026524941 -19.23455277934649
      -18.041924221560535 -27.960335956665851)
     (4.20868643809151 98.50571621853021 -15.516082557014624
      -5.5562327597740886 -20.117963220284832 -17.143025248785143
      -19.594611920004219 -24.786486950758807)
     (-7.8065666991516212 -15.516082557014624 63.690312413351094
      -1.9775334198643668 -12.837870095897301 -12.029785215504504
      -8.9325202427324459 -4.5899541831862489)
     (1.4113885527614134 -5.5562327597740886 -1.9775334198643668
      52.06242798193432 -10.015301789228893 -4.4248487768235094
      -13.78056783746727 -17.719331951537633)
     (-5.2666223026524941 -20.117963220284832 -12.837870095897301
      -10.015301789228893 52.966760176240413 -0.058955862532360737
      -2.8679564691639765 -1.8020904364805772)
     (-19.23455277934649 -17.143025248785143 -12.029785215504504
      -4.4248487768235094 -0.058955862532360737 45.4998099784748
      0.34175438090120264 7.0496035236159971)
     (-18.041924221560535 -19.594611920004219 -8.9325202427324459
      -13.78056783746727 -2.8679564691639765 0.34175438090120264
      48.231671298667912 14.644155011359326)
     (-27.960335956665851 -24.786486950758807 -4.5899541831862489
      -17.719331951537633 -1.8020904364805772 7.0496035236159971
      14.644155011359326 55.164440943653787)))))
 ((pools
   ((number_of_pools 2) (teams_per_pool 4) (cycles_per_pool 1)
    (multibracket ((4 2 2 0 0) (1) (4 0 0)))))
  ((samples 273)
   (sums
    (83.882830362268976 81.31682276359976 20.743427806831487
     18.508825416674103 2.710706529384888 -37.853976605509388
     -64.676491851077046 -104.63214442217276))
   (prods
    ((76.976540097915759 2.054863465256382 -5.2133669551352328
      -0.39160358409917995 -8.2154705848767051 -13.947102954819695
      -22.32401831786062 -28.939841166380702)
     (2.054863465256382 104.33606966260469 -17.241716538374806
      -6.4726290622991476 -8.2474431227355822 -17.150377342519143
      -20.963526192242945 -36.315240869689447)
     (-5.2133669551352328 -17.241716538374806 60.313055505967796
      -0.0021697089386667479 -4.7567105560481266 -5.3390941992456336
      -16.073502829067472 -11.686494719157857)
     (-0.39160358409917995 -6.4726290622991476 -0.0021697089386667479
      51.7782057405074 -5.0456125325204262 -9.8123049010365975
      -13.261584279625165 -16.79230167198822)
     (-8.2154705848767051 -8.2474431227355822 -4.7567105560481266
      -5.0456125325204262 51.328684790122708 -8.0556566996960655
      -5.8188119738551256 -11.188979320390676)
     (-13.947102954819695 -17.150377342519143 -5.3390941992456336
      -9.8123049010365975 -8.0556566996960655 46.722487079506891
      1.7608084905548207 5.8212405272554122)
     (-22.32401831786062 -20.963526192242945 -16.073502829067472
      -13.261584279625165 -5.8188119738551256 1.7608084905548207
      55.30960339505468 21.371031707041823)
     (-28.939841166380702 -36.315240869689447 -11.686494719157857
      -16.79230167198822 -11.188979320390676 5.8212405272554122
      21.371031707041823 77.730585513309649)))))
 ((pools
   ((number_of_pools 2) (teams_per_pool 4) (cycles_per_pool 1)
    (multibracket ((4 2 2 0 0) (1) (2 0)))))
  ((samples 273)
   (sums
    (86.72224277835771 82.175989890648111 4.0087175889840276
     22.766832380820091 -7.2616311576765824 -43.289417481978617
     -48.756721623147207 -96.366012376007518))
   (prods
    ((79.6640260309563 8.0476196464719578 -18.145919184584137
      4.371796586826231 -7.6764049874833065 -20.66970080163609
      -16.641477879697426 -28.949939410853517)
     (8.0476196464719578 97.758355417982756 -18.016829701085953
      -4.7249560484427366 -12.050540921239667 -17.285121066013588
      -17.91877628001458 -35.80975104765821)
     (-18.145919184584137 -18.016829701085953 87.214317996643416
      -9.1713409674909787 -4.7874496222531961 -16.493921590951402
      -10.26137909142594 -10.337477838851806)
     (4.371796586826231 -4.7249560484427366 -9.1713409674909787
      46.918633001051305 -3.5590272735382764 -11.219676083553615
      -8.0854945644162175 -14.52993465043571)
     (-7.6764049874833065 -12.050540921239667 -4.7874496222531961
      -3.5590272735382764 46.030983737041993 -4.045050556945327
      -8.081709581678858 -5.8308007939033546)
     (-20.66970080163609 -17.285121066013588 -16.493921590951402
      -11.219676083553615 -4.045050556945327 51.965599510095444
      7.1636099037339882 10.584260685270607)
     (-16.641477879697426 -17.91877628001458 -10.26137909142594
      -8.0854945644162175 -8.081709581678858 7.1636099037339882
      39.024760200033924 14.800467293465111)
     (-28.949939410853517 -35.80975104765821 -10.337477838851806
      -14.52993465043571 -5.8308007939033546 10.584260685270607
      14.800467293465111 70.073175762966883)))))
 ((pools
   ((number_of_pools 2) (teams_per_pool 4) (cycles_per_pool 1)
    (multibracket ((8 0 0 0) (4 0 3 0 0) (1)))))
  ((samples 273)
   (sums
    (102.72147766626686 35.397110739237057 51.775998402735034
     29.337065880415182 -23.981828026044848 -42.161679894738469
     -50.295002221640445 -102.79314254623029))
   (prods
    ((102.65830104441 -18.45714225285662 16.601388731086555
      4.8106988802940123 -16.859991738208898 -27.25600443309899
      -16.860037401441083 -44.637212830184922)
     (-18.45714225285662 76.582320081766127 -5.0921658570608272
      -2.4662015462581324 -3.8031139173169919 -14.625186488239809
      -13.349088042440886 -18.78942197759287)
     (16.601388731086555 -5.0921658570608272 69.073258714310867
      -4.2909735421345783 -11.690529187710668 -13.719870778634675
      -16.460673995058286 -34.420434084798373)
     (4.8106988802940123 -2.4662015462581324 -4.2909735421345783
      60.535978700495534 -17.588861269773581 -12.777527164488015
      -13.192469724166479 -15.030644333968743)
     (-16.859991738208898 -3.8031139173169919 -11.690529187710668
      -17.588861269773581 48.394592730452658 3.1063693710878706
      -3.554932287295768 1.9964662987653712)
     (-27.25600443309899 -14.625186488239809 -13.719870778634675
      -12.777527164488015 3.1063693710878706 52.08991629817541
      4.8564514097569953 8.3258517854412162)
     (-16.860037401441083 -13.349088042440886 -16.460673995058286
      -13.192469724166479 -3.554932287295768 4.8564514097569953
      46.6854681118229 11.8752819288226)
     (-44.637212830184922 -18.78942197759287 -34.420434084798373
      -15.030644333968743 1.9964662987653712 8.3258517854412162
      11.8752819288226 90.68011321351571)))))
 ((pools
   ((number_of_pools 2) (teams_per_pool 4) (cycles_per_pool 1)
    (multibracket ((8 0 0 0) (4 2 0 1 0) (1)))))
  ((samples 273)
   (sums
    (99.810096038442367 44.590622066411015 47.582755873908653
     21.28976109232439 -3.0984061211894414 -49.974649838888809
     -71.079428649832607 -89.120750461175533))
   (prods
    ((99.395494870078522 -12.35273144730909 6.8793059780236163
      -3.5835680617863814 -3.9488499516825875 -21.999460224159648
      -33.890131584147504 -30.500059579016906)
     (-12.35273144730909 81.3745895494775 -4.5089071846202087
      -10.173148627547205 -8.9251288126881345 -10.699099808755705
      -17.221869917972477 -17.493703750584686)
     (6.8793059780236163 -4.5089071846202087 69.443068877036865
      -2.1369140441510197 -7.297948904389818 -21.007414998815896
      -17.955174302235292 -23.416015420848236)
     (-3.5835680617863814 -10.173148627547205 -2.1369140441510197
      61.282720941911933 -5.3339318858427811 -12.509398068268897
      -14.538410904362685 -13.007349349952968)
     (-3.9488499516825875 -8.9251288126881345 -7.297948904389818
      -5.3339318858427811 39.7867640123164 -8.7662240715524824
      -2.5251051805685236 -2.9895752055920677)
     (-21.999460224159648 -10.699099808755705 -21.007414998815896
      -12.509398068268897 -8.7662240715524824 57.285628637561551
      6.990724483450439 10.705244050540649)
     (-33.890131584147504 -17.221869917972477 -17.955174302235292
      -14.538410904362685 -2.5251051805685236 6.990724483450439
      66.481130974877516 12.658836430958514)
     (-30.500059579016906 -17.493703750584686 -23.416015420848236
      -13.007349349952968 -2.9895752055920677 10.705244050540649
      12.658836430958514 64.042622824495709)))))
 ((pools
   ((number_of_pools 2) (teams_per_pool 4) (cycles_per_pool 1)
    (multibracket ((8 0 0 0) (2 1 0) (4 0 1 1 0)))))
  ((samples 966)
   (sums
    (365.27870216056345 216.53073029758485 16.982170117195015
     94.192142243851862 12.709031532839777 -148.33641758193829
     -213.70563104046511 -343.65072772963163))
   (prods
    ((355.5705837782474 0.34782369250114442 -68.765514401966016
      17.172085630204855 -6.8419148711858417 -79.256779520191145
      -77.003184495260911 -141.2230998123494)
     (0.34782369250114442 344.56700874718888 -73.746894642318722
      -13.223729800412787 -19.229230490418438 -54.249899633626256
      -85.0242877769198 -99.440790095994117)
     (-68.765514401966016 -73.746894642318722 252.98088633694093
      -13.535113882736216 -22.910359385001186 -31.30762737755418
      -16.789871767037514 -25.925504880327075)
     (17.172085630204855 -13.223729800412787 -13.535113882736216
      176.0315512327316 -34.850259923876948 -36.710562839054511
      -36.812924662915812 -58.071045753940169)
     (-6.8419148711858417 -19.229230490418438 -22.910359385001186
      -34.850259923876948 164.18306022097556 -23.332885267468384
      -32.082571533483865 -24.935838749540892)
     (-79.256779520191145 -54.249899633626256 -31.30762737755418
      -36.710562839054511 -23.332885267468384 190.7280248476105
      2.9763012850450781 31.1534285052389)
     (-77.003184495260911 -85.0242877769198 -16.789871767037514
      -36.812924662915812 -32.082571533483865 2.9763012850450781
      193.58612704827237 51.150411902300448)
     (-141.2230998123494 -99.440790095994117 -25.925504880327075
      -58.071045753940169 -24.935838749540892 31.1534285052389
      51.150411902300448 267.2924388846123)))))
 ((pools
   ((number_of_pools 2) (teams_per_pool 4) (cycles_per_pool 1)
    (multibracket ((8 0 0 0) (2 1 0) (2 0)))))
  ((samples 273)
   (sums
    (96.252206211154828 58.235103698365513 57.95257095085158
     48.787089063199929 -9.9466639291033871 -45.840833826245365
     -90.892700871982925 -114.54677129624021))
   (prods
    ((98.889441871116247 -7.0481160964640086 13.835463319556387
      14.194894234931144 -10.712627349862469 -25.295323853066566
      -35.873051568327135 -47.990680557883607)
     (-7.0481160964640086 81.965537800847486 4.7838294764592888
      6.2912172134950266 -15.082620550678881 -15.405478860165092
      -28.926588022911922 -26.577780960581876)
     (13.835463319556387 4.7838294764592888 68.462519696420912
      11.51635537994802 -15.693569937857159 -15.791851676791335
      -31.931797571382461 -35.180948686353645)
     (14.194894234931144 6.2912172134950266 11.51635537994802
      52.870237348122458 -14.605806744550579 -15.291182019337597
      -27.371117725358424 -27.604597687250049)
     (-10.712627349862469 -15.082620550678881 -15.693569937857159
      -14.605806744550579 69.127268930998724 -6.3395207499625883
      -5.1670500831250088 -1.5260735149620337)
     (-25.295323853066566 -15.405478860165092 -15.791851676791335
      -15.291182019337597 -6.3395207499625883 53.330030937430266
      8.9052144560802287 15.88811176581271)
     (-35.873051568327135 -28.926588022911922 -31.931797571382461
      -27.371117725358424 -5.1670500831250088 8.9052144560802287
      92.806517619539889 27.557872895484827)
     (-47.990680557883607 -26.577780960581876 -35.180948686353645
      -27.604597687250049 -1.5260735149620337 15.88811176581271
      27.557872895484827 95.434096745733655)))))
 ((pools
   ((number_of_pools 2) (teams_per_pool 4) (cycles_per_pool 1)
    (multibracket ((8 0 0 0) (2 1 0) (1)))))
  ((samples 131)
   (sums
    (48.7569349219068 37.752926843750743 44.967607515989414
     7.3851176822838083 -0.96556316917707974 -23.980204825080943
     -50.449590922798578 -63.467228046874169))
   (prods
    ((50.774873312141551 1.8128502455737188 13.744473162161015
      5.2094712473569675 -1.6307414274613539 -9.1421696204130942
      -31.643417902339522 -29.125339017019286)
     (1.8128502455737188 50.757645170481453 12.081203271309166
      -5.125424033599697 -7.4606652233188546 -10.535033801833521
      -17.310912931594672 -24.219662697017576)
     (13.744473162161015 12.081203271309166 41.1969501195627
      -1.4413572612534409 -1.7587208678065862 -10.180399657590703
      -26.070440336897288 -27.571708429484882)
     (5.2094712473569675 -5.125424033599697 -1.4413572612534409
      36.063758689832163 -3.3668138648932633 -10.406590904727588
      -10.427165337978096 -10.505878534737061)
     (-1.6307414274613539 -7.4606652233188546 -1.7587208678065862
      -3.3668138648932633 24.742557976250087 -5.7474999945726841
      -2.3329594279580661 -2.4451571702392836)
     (-9.1421696204130942 -10.535033801833521 -10.180399657590703
      -10.406590904727588 -5.7474999945726841 28.604323553720203
      8.9195869540850232 8.4877834713323832)
     (-31.643417902339522 -17.310912931594672 -26.070440336897288
      -10.427165337978096 -2.3329594279580661 8.9195869540850232
      54.210847002607267 24.654461980075375)
     (-29.125339017019286 -24.219662697017576 -27.571708429484882
      -10.505878534737061 -2.4451571702392836 8.4877834713323832
      24.654461980075375 60.725500397090322)))))
 ((pools
   ((number_of_pools 2) (teams_per_pool 4) (cycles_per_pool 1)
