(((proper (2 3 2 0 0))
  ((samples 1254000)
   (sums
    (854270.00716130575 454719.7613029636 102455.28404376598
     -148135.67566704817 -158604.90200478461 -492557.03655029158
     -612147.43828591))
   (prods
    ((1332633.6997277865 133225.87835252419 -231884.59340747618
      -241292.67791171811 -158128.82254924535 -405815.18263962667
      -428738.30157224339)
     (133225.87835252419 1000577.8339430785 -194821.62885373729
      -234178.45329579312 -142532.88358091455 -306368.90179280576
      -255901.84477235159)
     (-231884.59340747618 -194821.62885373729 938154.54502014979
      -133990.47754504383 -130194.50997917229 -145419.20772586702
      -101844.12750885253)
     (-241292.67791171811 -234178.45329579312 -133990.47754504383
      880182.37052527757 -79257.8944818479 -178068.03175100489
      -13394.835539870402)
     (-158128.82254924535 -142532.88358091455 -130194.50997917229
      -79257.8944818479 594660.8094658209 -52810.4062245119
      -31736.292650130043)
     (-405815.18263962667 -306368.90179280576 -145419.20772586702
      -178068.03175100489 -52810.4062245119 1059329.7930269672
      29151.937106848742)
     (-428738.30157224339 -255901.84477235159 -101844.12750885253
      -13394.835539870402 -31736.292650130043 29151.937106848742
      802463.46493659914)))))
 ((proper (2 3 2 0))
  ((samples 1254001)
   (sums
    (1064781.01618539 244711.23614563077 218607.12437254179
     -265616.26550614071 -51147.753243053026 -598923.45323369547
     -612411.90472067241))
   (prods
    ((1806152.6087992191 -61841.694032870291 -93727.5197525998
      -389877.22237176349 -146159.62658800892 -572557.61985045532
      -541988.9262035155)
     (-61841.694032870291 920229.850635938 -68230.4853254099
      -353168.06972656609 -87317.045177402571 -206290.18597368308
      -143382.37040000714)
     (-93727.5197525998 -68230.4853254099 916238.037995031 -162053.986417888
      -190315.66495884268 -228858.07226561193 -173052.309274677)
     (-389877.22237176349 -353168.06972656609 -162053.986417888
      960637.94620816351 -80525.608720705917 -32653.389839917243
      57640.330868679695)
     (-146159.62658800892 -87317.045177402571 -190315.66495884268
      -80525.608720705917 780090.43694523966 -130171.48706733514
      -145601.0044329451)
     (-572557.61985045532 -206290.18597368308 -228858.07226561193
      -32653.389839917243 -130171.48706733514 1027652.2951285053
      142878.45986849707)
     (-541988.9262035155 -143382.37040000714 -173052.309274677
      57640.330868679695 -145601.0044329451 142878.45986849707
      803505.81957396911))))))