(((pools ((number_of_pools 2) (teams_per_pool 8) (multibracket ((2 0)))))
  ((samples 2300)
   (sums
    (850.70755042005271 894.42916790155084 629.10908454802882
     243.3818344420549 355.50357488793736 129.39399208129623
     146.26175023014048 -77.205087361823473 -66.544142824567274
     -214.06042598448064 -232.89441288143769 -398.91317797064835
     -388.05774698353667 -591.52393127783353 -558.465003412699
     -721.123025814035))
   (prods
    ((853.98266140718692 167.39245364251144 138.47973522932196
      3.4463195360148324 75.921824203193452 -27.318580941568577
      35.510830299345521 -40.552896741562925 -27.561998632502942
      -87.993304524769641 -94.0402076672207 -150.08600099647481
      -148.92274790228461 -221.50647020153204 -197.3619783195474
      -279.38963839011046)
     (167.39245364251144 1099.8463856998144 153.19666661127619
      0.4678228772726154 35.408843620844735 -49.699716999981334
      26.278715554976376 -76.834219725060962 -88.043405722967478
      -111.34188914749294 -102.48015704755583 -157.43531593276842
      -147.37073475085617 -244.55300071047256 -228.48335024406794
      -276.34909772547195)
     (138.47973522932196 153.19666661127619 891.11984336930857
      -82.228235073951467 38.771743987634061 -2.520704857110255
      -16.115516513204543 -78.045302348606128 -62.860909428153938
      -92.884767187941577 -79.8371192679093 -157.2589708674999
      -113.21804343304208 -169.83978298903926 -160.32919404799858
      -206.42944318308386)
     (3.4463195360148324 0.4678228772726154 -82.228235073951467
      707.73832912967862 -17.23888623218955 -34.719685071112544
      -46.029643015512505 -58.477085176393317 -36.511261997811992
      -62.905200005454638 -34.061986012692181 -66.1605196598996
      -52.561678046310007 -80.599635035070619 -57.916838097247386
      -82.241818119320257)
     (75.921824203193452 35.408843620844735 38.771743987634061
      -17.23888623218955 666.6506909389567 -38.9673447288057
      -19.861230720192605 -54.90246760570087 -49.133731014347759
      -76.342151415359069 -68.487174872386788 -102.29570286665772
      -74.2181684171899 -98.843330631435677 -90.90436256809997
      -125.55855167826334)
     (-27.318580941568577 -49.699716999981334 -2.520704857110255
      -34.719685071112544 -38.9673447288057 637.33527222621524
      -14.919648809627175 -49.374234602481245 -62.22982146139411
      -57.348919809607743 -39.755185128725145 -54.420407882611215
      -44.09798257548708 -65.463810801993148 -48.409321954144204
      -48.089906601565758)
     (35.510830299345521 26.278715554976376 -16.115516513204543
      -46.029643015512505 -19.861230720192605 -14.919648809627175
      503.95893595707531 -47.4949747879783 -11.899917240456018
      -37.641888859145013 -56.23676822273584 -50.215372583089007
      -53.6050781527742 -72.365163193879653 -73.465314814351871
      -65.897964898450454)
     (-40.552896741562925 -76.834219725060962 -78.045302348606128
      -58.477085176393317 -54.90246760570087 -49.374234602481245
      -47.4949747879783 501.03221435724089 -1.9698792495297737
      -21.507514449761384 -38.319710641524495 -19.103095775087766
      -9.056436039543442 -17.052308535334191 -3.1501242703469767
      14.808035591671061)
     (-27.561998632502942 -88.043405722967478 -62.860909428153938
      -36.511261997811992 -49.133731014347759 -62.22982146139411
      -11.899917240456018 -1.9698792495297737 453.61687237109
      -32.47466865086151 -25.266394273838685 -3.821261085614756
      -31.106349881381007 -15.34067234646667 -6.2982890189560043
      0.90168763319257006)
     (-87.993304524769641 -111.34188914749294 -92.884767187941577
      -62.905200005454638 -76.342151415359069 -57.348919809607743
      -37.641888859145013 -21.507514449761384 -32.47466865086151
      454.35476870175222 11.706129737877488 22.615100884369642
      -3.266446590965526 25.033125677299992 38.306213807332981
      31.691411832726704)
     (-94.0402076672207 -102.48015704755583 -79.8371192679093
      -34.061986012692181 -68.487174872386788 -39.755185128725145
      -56.23676822273584 -38.319710641524495 -25.266394273838685
      11.706129737877488 371.03314200787713 1.0028461461140048
      21.292134408879125 49.100411489755032 28.702947147229313
      55.647092196856946)
     (-150.08600099647481 -157.43531593276842 -157.2589708674999
      -66.1605196598996 -102.29570286665772 -54.420407882611215
      -50.215372583089007 -19.103095775087766 -3.821261085614756
      22.615100884369642 1.0028461461140048 405.46789350291715
      54.489067292697641 96.920437633264555 72.847248482806634
      107.45405370753349)
     (-148.92274790228461 -147.37073475085617 -113.21804343304208
      -52.561678046310007 -74.2181684171899 -44.09798257548708
      -53.6050781527742 -9.056436039543442 -31.106349881381007
      -3.266446590965526 21.292134408879125 54.489067292697641
      336.15638751755972 77.087375291295018 78.312114705044
      110.08658657435855)
     (-221.50647020153204 -244.55300071047256 -169.83978298903926
      -80.599635035070619 -98.843330631435677 -65.463810801993148
      -72.365163193879653 -17.052308535334191 -15.34067234646667
      25.033125677299992 49.100411489755032 96.920437633264555
      77.087375291295018 449.55161459837433 128.53824100569827
      159.33296874953658)
     (-197.3619783195474 -228.48335024406794 -160.32919404799858
      -57.916838097247386 -90.90436256809997 -48.409321954144204
      -73.465314814351871 -3.1501242703469767 -6.2982890189560043
      38.306213807332981 28.702947147229313 72.847248482806634
      78.312114705044 128.53824100569827 363.41817373416 156.19383445248911)
     (-279.38963839011046 -276.34909772547195 -206.42944318308386
      -82.241818119320257 -125.55855167826334 -48.089906601565758
      -65.897964898450454 14.808035591671061 0.90168763319257006
      31.691411832726704 55.647092196856946 107.45405370753349
      110.08658657435855 159.33296874953658 156.19383445248911
      447.84074985790119)))))
 ((pools
   ((number_of_pools 4) (teams_per_pool 4) (multibracket ((8 4 4 0 0 0)))))
  ((samples 2300)
   (sums
    (917.15247721350272 1064.5481914280701 912.90647493329845
     508.79210163420464 601.21559946228888 336.2582308123533
     17.653602232668607 -211.05513214238488 17.002245555709045
     -213.43961837548292 -390.4770383193478 -565.87191443449854
     -456.28194896986275 -672.61728331292329 -828.26948366549277
     -1037.5165040521033))
   (prods
    ((941.574180323478 294.49033730033341 289.60088348905015
      129.8911856982387 180.04880570464013 93.939148689709612
      -69.739909694763654 -135.12832568961295 3.5252530835917666
      -96.889281764616825 -184.09316571892816 -235.28733006007778
      -187.99349679745194 -264.24614187708619 -335.74963130457144
      -423.94251138193255)
     (294.49033730033341 1266.7871281369648 325.23189525764064
      161.9753994173787 215.7784836226383 83.552330890766228
      -63.883403186016089 -167.71889556986449 -30.256777468534356
      -137.24195607323486 -208.30402936754683 -272.46621167971409
      -224.24448923355911 -334.64609824069532 -395.6166471166232
      -513.43706668993366)
     (289.60088348905015 325.23189525764064 1152.3218981257976
      101.05327976323819 190.88940382274629 69.406644503781578
      -71.7421246719227 -145.13140987474267 -46.088337989848988
      -132.06105866317961 -189.646155383158 -272.17983105132635
      -202.3229248133492 -282.2795042150367 -380.08598787288281
      -406.96667042680718)
     (129.8911856982387 161.9753994173787 101.05327976323819
      869.08084359165707 81.998175023000485 22.772324386958424
      -39.875726879528251 -117.73022883894639 -54.33270141423781
      -76.624541720476685 -133.878318152901 -171.90473800779026
      -118.31331648835464 -183.09767219369627 -211.03971867369134
      -259.97424551084879)
     (180.04880570464013 215.7784836226383 190.88940382274629
      81.998175023000485 815.54308476894175 54.239625970941844
      -41.140577398732525 -131.71739856758373 -23.74481760372489
      -85.506545232184351 -145.34952614061802 -188.90712339608274
      -148.61935418725139 -207.82201177921823 -255.78352710480763
      -309.90669750270541)
     (93.939148689709612 83.552330890766228 69.406644503781578
      22.772324386958424 54.239625970941844 707.093278723641
      -45.396121595665008 -89.324048477076474 -34.480843410233305
      -82.627116992813669 -101.12469218473329 -117.93567768084706
      -101.56597120423771 -137.70519427304907 -145.02486543771772
      -175.81882190942562)
     (-69.739909694763654 -63.883403186016089 -71.7421246719227
      -39.875726879528251 -41.140577398732525 -45.396121595665008
      669.94849223707 -33.822282928086246 -31.132848527602313
      -30.65421198560464 -52.7906466444458 -41.448986954731126
      -34.082402849063619 -45.893497362704423 -32.320378461521194
      -36.025373096682273)
     (-135.12832568961295 -167.71889556986449 -145.13140987474267
      -117.73022883894639 -131.71739856758373 -89.324048477076474
      -33.822282928086246 704.00356521961044 -28.480485524039381
      -23.879291688704217 0.45283358565793658 1.4305554245930279
      23.806302549606876 29.6610405889353 53.981530417359281
      59.596539372893687)
     (3.5252530835917666 -30.256777468534356 -46.088337989848988
      -54.33270141423781 -23.74481760372489 -34.480843410233305
      -31.132848527602313 -28.480485524039381 477.46095946457945
      -27.715926361001333 -36.314109336572578 -39.467758612484509
      -38.713553022131933 -26.042919419135281 -32.740936554361248
      -31.474197304263402)
     (-96.889281764616825 -137.24195607323486 -132.06105866317961
      -76.624541720476685 -85.506545232184351 -82.627116992813669
      -30.65421198560464 -23.879291688704217 -27.715926361001333
      502.2187172237596 21.141882807192221 -2.1033524286171068
      10.861734851186943 32.4198350846308 62.875483200400986
      65.785629743262731)
     (-184.09316571892816 -208.30402936754683 -189.646155383158
      -133.878318152901 -145.34952614061802 -101.12469218473329
      -52.7906466444458 0.45283358565793658 -36.314109336572578
      21.141882807192221 546.30179543544182 75.805240220900288
      55.111263434066828 98.259135169669321 125.05432347782875
      129.37416879814654)
     (-235.28733006007778 -272.46621167971409 -272.17983105132635
      -171.90473800779026 -188.90712339608274 -117.93567768084706
      -41.448986954731126 1.4305554245930279 -39.467758612484509
      -2.1033524286171068 75.805240220900288 624.419617726628
      84.021911169041218 147.07567824269989 177.65505063549102
      231.29295645231755)
     (-187.99349679745194 -224.24448923355911 -202.3229248133492
      -118.31331648835464 -148.61935418725139 -101.56597120423771
      -34.082402849063619 23.806302549606876 -38.713553022131933
      10.861734851186943 55.111263434066828 84.021911169041218
      440.89588709160688 121.89801009689718 144.66932795426086
      174.591071448733)
     (-264.24614187708619 -334.64609824069532 -282.2795042150367
      -183.09767219369627 -207.82201177921823 -137.70519427304907
      -45.893497362704423 29.6610405889353 -26.042919419135281
      32.4198350846308 98.259135169669321 147.07567824269989
      121.89801009689718 557.214941320796 213.04382735340079
      282.16057150359228)
     (-335.74963130457144 -395.6166471166232 -380.08598787288281
      -211.03971867369134 -255.78352710480763 -145.02486543771772
      -32.320378461521194 53.981530417359281 -32.740936554361248
      62.875483200400986 125.05432347782875 177.65505063549102
      144.66932795426086 213.04382735340079 657.754059350543
      353.32809013689189)
     (-423.94251138193255 -513.43706668993366 -406.96667042680718
      -259.97424551084879 -309.90669750270541 -175.81882190942562
      -36.025373096682273 59.596539372893687 -31.474197304263402
      65.785629743262731 129.37416879814654 231.29295645231755
      174.591071448733 282.16057150359228 353.32809013689189
      861.416556366761)))))
 ((pools
   ((number_of_pools 4) (teams_per_pool 4) (multibracket ((16 0 0 0 0)))))
  ((samples 5500)
   (sums
    (2441.5711480045675 2600.4095011861632 2442.7973948659196
     1464.1384919386708 1617.861955851283 933.72748104428456
     323.25510669617404 -215.84836198052997 135.3592371097663
     -349.999470583865 -788.74253834491242 -1234.3624649164137
     -1679.0516954485438 -2178.2428677270218 -2542.0342458709524
     -2970.8386718245879))
   (prods
    ((2598.6349223235879 890.65094354764642 900.24773069012656
      472.52104455127369 573.03907552568808 314.74261229373593
      63.378312147391554 -167.68079213351066 3.4325401514311893
      -247.45985844214039 -420.97698577748071 -568.72004279496434
      -776.60566659829624 -1035.8924319265268 -1204.2417600069273
      -1395.0696435510342)
     (890.65094354764642 3122.5306708431126 988.93091759026379
      514.196151213946 610.45106371315728 319.12457165998956
      -20.106255570047264 -254.12349032776197 -47.418881588114822
      -237.53880949992006 -443.20151351420122 -657.30509950570649
      -862.5812416181418 -1145.7328771131859 -1289.8646124962677
      -1488.0115373347685)
     (900.24773069012656 988.93091759026379 2924.3829711919475
      470.93776438157317 614.922120947462 297.714908383088
      -13.169025668869784 -198.41786286734992 5.760518919599539
      -276.697186177421 -448.20898932288679 -677.28438102761413
      -869.02099306663592 -1045.427930974894 -1234.379933716561
      -1440.2906292818273)
     (472.52104455127369 514.196151213946 470.93776438157317
      2140.6430743836413 366.97389830405791 94.467244492985657
      -38.794784873035105 -204.75418984842767 -45.314708423345671
      -187.35434253386026 -298.52594413846356 -407.16925653863677
      -528.71549435757777 -661.33017128686549 -787.23343690196612
      -900.54684842530037)
     (573.03907552568808 610.45106371315728 614.922120947462
      366.97389830405791 2095.0619594752 259.90553462239723
      -13.127834420469174 -201.78203059424493 -38.979598712517621
      -232.12696528301367 -356.57451566567806 -479.02769752194251
      -628.79414794767274 -779.24174096551678 -840.34533666040784
      -950.35378481649821)
     (314.74261229373593 319.12457165998956 297.714908383088
      94.467244492985657 259.90553462239723 1698.3144983494778
      -3.0748490179345254 -154.2233600659751 -74.449656423726552
      -151.25647911443082 -232.01936822390232 -293.69963617266507
      -408.51281200308864 -511.88153845237542 -545.76724521272683
      -609.384425114848)
     (63.378312147391554 -20.106255570047264 -13.169025668869784
      -38.794784873035105 -13.127834420469174 -3.0748490179345254
      1576.5554697016275 -154.72403014260766 -46.625638737298971
      -108.33508219044784 -122.61920101554313 -182.50334775139618
      -188.47654599463135 -230.28124426735687 -251.08979620475634
      -267.00614599462455)
     (-167.68079213351066 -254.12349032776197 -198.41786286734992
      -204.75418984842767 -201.78203059424493 -154.2233600659751
      -154.72403014260766 1561.1348348497359 -59.956575681558611
      -62.1625982496877 -69.329763679359473 -20.211196258503438
      -17.652718853978882 14.20544154216036 8.5528689824392963
      -18.874536671368944)
     (3.4325401514311893 -47.418881588114822 5.760518919599539
      -45.314708423345671 -38.979598712517621 -74.449656423726552
      -46.625638737298971 -59.956575681558611 1218.9192154847772
      -37.156507645600655 -103.56767913745496 -135.58031371927069
      -163.53572483423517 -152.9002621009825 -158.20509248979835
      -164.42163506190315)
     (-247.45985844214039 -237.53880949992006 -276.697186177421
      -187.35434253386026 -232.12696528301367 -151.25647911443082
      -108.33508219044784 -62.1625982496877 -37.156507645600655
      1266.3635682480221 16.062816710007965 0.9564282864677196
      18.533266411314816 84.948098712829946 61.571225776866129
      91.65242499101366)
     (-420.97698577748071 -443.20151351420122 -448.20898932288679
      -298.52594413846356 -356.57451566567806 -232.01936822390232
      -122.61920101554313 -69.329763679359473 -103.56767913745496
      16.062816710007965 1287.4950716743808 141.59841267796372
      177.0966807115372 223.15873495151277 281.72237244264738
      367.88987130692027)
     (-568.72004279496434 -657.30509950570649 -677.28438102761413
      -407.16925653863677 -479.02769752194251 -293.69963617266507
      -182.50334775139618 -20.211196258503438 -135.58031371927069
      0.9564282864677196 141.59841267796372 1432.0469257034015
      340.00468554489748 428.04080206816678 489.6890756753819
      589.16464133442025)
     (-776.60566659829624 -862.5812416181418 -869.02099306663592
      -528.71549435757777 -628.79414794767274 -408.51281200308864
      -188.47654599463135 -17.652718853978882 -163.53572483423517
      18.533266411314816 177.0966807115372 340.00468554489748
      1714.6245868713477 595.20657445201755 728.05860295270463
      870.370948330439)
     (-1035.8924319265268 -1145.7328771131859 -1045.427930974894
      -661.33017128686549 -779.24174096551678 -511.88153845237542
      -230.28124426735687 14.20544154216036 -152.9002621009825
      84.948098712829946 223.15873495151277 428.04080206816678
      595.20657445201755 2105.6281756159574 977.8429591560182
      1133.6574105890409)
     (-1204.2417600069273 -1289.8646124962677 -1234.379933716561
      -787.23343690196612 -840.34533666040784 -545.76724521272683
      -251.08979620475634 8.5528689824392963 -158.20509248979835
      61.571225776866129 281.72237244264738 489.6890756753819
      728.05860295270463 977.8429591560182 2425.5633269303589
      1338.1267817729949)
     (-1395.0696435510342 -1488.0115373347685 -1440.2906292818273
      -900.54684842530037 -950.35378481649821 -609.384425114848
      -267.00614599462455 -18.874536671368944 -164.42163506190315
      91.65242499101366 367.88987130692027 589.16464133442025
      870.370948330439 1133.6574105890409 1338.1267817729949
      2843.0971079273454)))))
 ((pools
   ((number_of_pools 4) (teams_per_pool 4) (multibracket ((8 4 0 0 0)))))
  ((samples 5500)
   (sums
    (2347.3877227991138 2529.1952711276763 2270.9375233915212
     1195.4372683404672 1548.4455399077945 801.39814162871642
     146.50993105875014 -378.32469032238356 108.02727838318685
     -420.27584632345554 -837.82736570252871 -1271.2618748942398
     -1392.4002520720928 -1819.4219102098912 -2204.8163166191257
     -2623.0104204935105))
   (prods
    ((2445.7874165408552 780.05024828386786 734.828761354971
      280.44492030656767 537.45833000009782 248.58037808290598
      -33.569410143291989 -282.53630859846709 -13.36246223330958
      -260.38824368452441 -400.02820203118341 -582.77089645829551
      -599.59937441428917 -755.78970617679227 -964.67102843417831
      -1134.4344223949338)
     (780.05024828386786 2956.6448580021447 867.98504312180694
      345.29740319106 548.1033179915172 174.43451123147068
      -113.66244771393096 -324.261492012654 7.7761535672809181
      -246.56053096606593 -418.51093053348774 -656.81567577420913
      -705.66222490485154 -897.02080577287438 -1064.6740448607179
      -1253.1233828503566)
     (734.828761354971 867.98504312180694 2804.3520043279232
      266.6137968989969 523.28923510718766 164.54531483381371
      -99.105874570480466 -300.59933089180117 -56.56135023458657
      -282.62148328711913 -442.58024424089263 -612.46540999131
      -647.07356438303123 -840.69880188429886 -944.72281323991433
      -1135.1852829212653)
     (280.44492030656767 345.29740319106 266.6137968989969 2090.0539906976751
      206.90282604239644 56.166784914996569 -91.624781644355579
      -188.8474444194828 -64.626264325419669 -207.83102543190697
      -313.37205152283803 -350.08862152401207 -353.3414405444326
      -497.25477611798 -535.65914252379741 -642.834173997468)
     (537.45833000009782 548.1033179915172 523.28923510718766
      206.90282604239644 2075.0088341436826 173.70770378798645
      -101.23829857532638 -286.61664960948116 -74.376897023601117
      -223.5354354662671 -313.78529903633745 -484.44062727377894
      -486.81009539697988 -573.30331031394485 -703.94014761191715
      -816.42348676523477)
     (248.58037808290598 174.43451123147068 164.54531483381371
      56.166784914996569 173.70770378798645 1727.5024084657211
      -105.64313104179355 -243.54227704170029 -38.491101288270059
      -158.57176056966225 -211.61848139302347 -263.62810310436276
      -300.64150453844161 -361.094253279879 -401.80527505525737
      -459.90121400450386)
     (-33.569410143291989 -113.66244771393096 -99.105874570480466
      -91.624781644355579 -101.23829857532638 -105.64313104179355
      1585.6647898702156 -108.33109333632909 -93.3789799859864
      -104.69381328136943 -69.191169630798015 -120.89302470096025
      -101.48389543624792 -136.63921950816297 -136.35870297656624
      -169.85094732461678)
     (-282.53630859846709 -324.261492012654 -300.59933089180117
      -188.8474444194828 -286.61664960948116 -243.54227704170029
      -108.33109333632909 1625.6085946574467 -68.575502394467023
      -1.6369732752218904 -20.420753410015315 6.6905744204874384
      9.57757128062951 47.607981969847458 59.65808373407571
      76.22501892713251)
     (-13.36246223330958 7.7761535672809181 -56.56135023458657
      -64.626264325419669 -74.376897023601117 -38.491101288270059
      -93.3789799859864 -68.575502394467023 1134.4930298741619
      -29.195161187258758 -73.832857964344072 -93.1824801733134
      -113.69682615442917 -133.40534086727209 -161.81811608139583
      -127.7658435277891)
     (-260.38824368452441 -246.56053096606593 -282.62148328711913
      -207.83102543190697 -223.5354354662671 -158.57176056966225
      -104.69381328136943 -1.6369732752218904 -29.195161187258758
      1178.4508672590646 25.166014380428045 23.247450431099889
      33.483631822636788 69.333633210121178 78.150304595819122
      107.20252545022653)
     (-400.02820203118341 -418.51093053348774 -442.58024424089263
      -313.37205152283803 -313.78529903633745 -211.61848139302347
      -69.191169630798015 -20.420753410015315 -73.832857964344072
      25.166014380428045 1209.5304889671565 103.53022108115636
      140.74931913275455 201.04479139103756 245.52313664282084
      337.79601816756656)
     (-582.77089645829551 -656.81567577420913 -612.46540999131
      -350.08862152401207 -484.44062727377894 -263.62810310436276
      -120.89302470096025 6.6905744204874384 -93.1824801733134
      23.247450431099889 103.53022108115636 1422.4757816215349
      278.26635733192347 357.46232085937584 434.37689093048147
      538.23524232418208)
     (-599.59937441428917 -705.66222490485154 -647.07356438303123
      -353.3414405444326 -486.81009539697988 -300.64150453844161
      -101.48389543624792 9.57757128062951 -113.69682615442917
      33.483631822636788 140.74931913275455 278.26635733192347
      1351.7088666023146 412.20014469621884 507.46651467817424
      574.85652022805152)
     (-755.78970617679227 -897.02080577287438 -840.69880188429886
      -497.25477611798 -573.30331031394485 -361.094253279879
      -136.63921950816297 47.607981969847458 -133.40534086727209
      69.333633210121178 201.04479139103756 357.46232085937584
      412.20014469621884 1628.4714279274549 669.09936880526254
      809.98654506188655)
     (-964.67102843417831 -1064.6740448607179 -944.72281323991433
      -535.65914252379741 -703.94014761191715 -401.80527505525737
      -136.35870297656624 59.65808373407571 -161.81811608139583
      78.150304595819122 245.52313664282084 434.37689093048147
      507.46651467817424 669.09936880526254 1929.1216451408222
      990.25332625628744)
     (-1134.4344223949338 -1253.1233828503566 -1135.1852829212653
      -642.834173997468 -816.42348676523477 -459.90121400450386
      -169.85094732461678 76.22501892713251 -127.7658435277891
      107.20252545022653 337.79601816756656 538.23524232418208
      574.85652022805152 809.98654506188655 990.25332625628744
      2304.9635573708356)))))
 ((pools ((number_of_pools 4) (teams_per_pool 4) (multibracket ((8 0 0 0)))))
  ((samples 5500)
   (sums
    (2373.7179008013363 2635.8693199493414 2430.3365078843444
     1486.4289282066052 1737.7722698316629 1027.1743321588376
     435.63814863005246 -74.388221928081933 -327.652574667056
     -781.944798412352 -1219.9368145950241 -1687.0745642147185
     -1377.3707791889785 -1788.3820272205646 -2199.1285785827622
     -2671.0590486526407))
   (prods
    ((2471.4080852547113 904.47586735595712 818.10010476097921
      467.59858554534577 640.07360691835129 295.63340044909955
      93.129855365532208 -88.405035061307345 -241.81658629835769
      -414.65754856674221 -620.37378359051354 -787.57304128578846
      -616.413795853548 -798.74646748016119 -945.17877711402264
      -1177.2544703995354)
     (904.47586735595712 3088.4826869225762 1008.6041253805776
      561.93815584275342 676.17321980527606 357.95601191169868
      36.250292484251304 -185.3601039308231 -290.57833800429233
      -496.01973171290962 -711.25732711841727 -933.825476203857
      -674.57433964719644 -914.52087395792557 -1092.5223464955006
      -1335.2218226321681)
     (818.10010476097921 1008.6041253805776 2938.2358092409154
      464.76224308946837 671.22882726450507 287.88781449738678
      114.85147054273465 -184.9154895411215 -261.117839698175
      -478.90465577572405 -705.53033368309252 -875.29021645466719
      -674.6510466970775 -850.49765703974106 -1025.5259349043604
      -1247.2372209826071)
     (467.59858554534577 561.93815584275342 464.76224308946837
      2202.7744991926465 419.76893296776603 173.54433132978764
      -58.549722951249038 -125.96717103450223 -202.01807594200102
      -323.35522976895783 -456.70645462119217 -588.17068065668775
      -469.39529762933813 -540.69574434981439 -715.030811135088
      -810.49755987893673)
     (640.07360691835129 676.17321980527606 671.22882726450507
      419.76893296776603 2160.2871821219051 232.761190800749
      58.361017178424333 -158.77164516689658 -215.55401258896734
      -343.8558261925113 -497.06196966452211 -666.05334262822964
      -521.25181415897828 -687.601634838018 -813.37823954710348
      -955.12549227175077)
     (295.63340044909955 357.95601191169868 287.88781449738678
      173.54433132978764 232.761190800749 1752.0515264012452
      -16.128702025565214 -143.12669954643093 -138.48604417574575
      -215.88962337297338 -285.53420070882589 -423.67633518173466
      -356.26739847100413 -449.62615377153543 -487.98747946457684
      -583.1116386715745)
     (93.129855365532208 36.250292484251304 114.85147054273465
      -58.549722951249038 58.361017178424333 -16.128702025565214
      1611.4308369724376 -78.0145783006672 -62.15048436897294
      -167.40900856725113 -185.56859912836205 -251.56434078412295
      -214.06394191123073 -259.07102050147813 -298.73759860676051
      -322.76547539772031)
     (-88.405035061307345 -185.3601039308231 -184.9154895411215
      -125.96717103450223 -158.77164516689658 -143.12669954643093
      -78.0145783006672 1484.6073160113231 -76.800271908556411
      -60.556862698428496 -45.00110721958103 -68.602645679257222
      -89.297736493439857 -63.431462752464668 -60.036646051418892
      -56.319860626427435)
     (-241.81658629835769 -290.57833800429233 -261.117839698175
      -202.01807594200102 -215.55401258896734 -138.48604417574575
      -62.15048436897294 -76.800271908556411 1413.2189622257488
      -29.259390458495211 -49.85034753195756 -11.806134768799382
      8.2247152936965691 46.81408031069833 34.069392315811861
      77.110375598365067)
     (-414.65754856674221 -496.01973171290962 -478.90465577572405
      -323.35522976895783 -343.8558261925113 -215.88962337297338
      -167.40900856725113 -60.556862698428496 -29.259390458495211
      1454.5393450311346 93.963114905755916 115.27737445604387
      148.84811754285724 205.25229209604 228.86148021771049
      283.16615286445108)
     (-620.37378359051354 -711.25732711841727 -705.53033368309252
      -456.70645462119217 -497.06196966452211 -285.53420070882589
      -185.56859912836205 -45.00110721958103 -49.85034753195756
      93.963114905755916 1612.1390581984297 315.70823988799356
      221.52644875542583 355.54539157507782 430.04228355287432
      527.95958639090725)
     (-787.57304128578846 -933.825476203857 -875.29021645466719
      -588.17068065668775 -666.05334262822964 -423.67633518173466
      -251.56434078412295 -68.602645679257222 -11.806134768799382
      115.27737445604387 315.70823988799356 1880.8980734973306
      401.30465293509144 492.11280462035069 615.05644970346191
      786.2046185428718)
     (-616.413795853548 -674.57433964719644 -674.6510466970775
      -469.39529762933813 -521.25181415897828 -356.26739847100413
      -214.06394191123073 -89.297736493439857 8.2247152936965691
      148.84811754285724 221.52644875542583 401.30465293509144
      1358.5709757073967 363.0718933993449 511.74139704334749
      602.62717018465275)
     (-798.74646748016119 -914.52087395792557 -850.49765703974106
      -540.69574434981439 -687.601634838018 -449.62615377153543
      -259.07102050147813 -63.431462752464668 46.81408031069833
      205.25229209604 355.54539157507782 492.11280462035069 363.0718933993449
      1587.6510243946807 676.14361659939618 837.59991169554974)
     (-945.17877711402264 -1092.5223464955006 -1025.5259349043604
      -715.030811135088 -813.37823954710348 -487.98747946457684
      -298.73759860676051 -60.036646051418892 34.069392315811861
      228.86148021771049 430.04228355287432 615.05644970346191
      511.74139704334749 676.14361659939618 1895.9036195823005
      1046.5795943039284)
     (-1177.2544703995354 -1335.2218226321681 -1247.2372209826071
      -810.49755987893673 -955.12549227175077 -583.1116386715745
      -322.76547539772031 -56.319860626427435 77.110375598365067
      283.16615286445108 527.95958639090725 786.2046185428718
      602.62717018465275 837.59991169554974 1046.5795943039284
      2326.2861312799942)))))
 ((pools ((number_of_pools 4) (teams_per_pool 4) (multibracket ((4 0 0)))))
  ((samples 5500)
   (sums
    (2582.722015418291 3049.70956130101 2836.47807351092 1865.2345574366082
     1440.5591183640445 759.64235478705712 133.35927433232203
     -481.90117908497155 -313.53712839797481 -858.07301659741916
     -1342.7434180823927 -1670.1779660424349 -1433.2069512213975
     -1785.6689039059042 -2178.9306652683676 -2603.4657265493929))
   (prods
    ((2867.3704741097281 1199.1169922726331 1161.122759468645
      719.73182207790751 543.32563106183125 235.9169989412853
      -111.80159076658173 -357.62220685618809 -242.84539891280596
      -546.03980842896613 -771.55234411987033 -882.44078143420677
      -671.6953320422183 -832.8033596804944 -1071.3179151333668
      -1238.4659405573325)
     (1199.1169922726331 3696.0183591240461 1476.3276248748666
      929.97532543189629 530.22258481558038 244.68268507901064
      -96.350597158933155 -469.25574699383316 -330.43017052182034
      -645.76646748184692 -929.710712464469 -1060.3334024630917
      -821.71898046064382 -1019.737667509004 -1231.4850056772937
      -1471.5548208670966)
     (1161.122759468645 1476.3276248748666 3378.3425671895811
      817.94480179871618 655.89942238781384 266.78832938259154
      -64.114404401964052 -448.78365287645437 -336.47064655016783
      -662.95258293653433 -862.41940378543757 -1044.65755301811
      -822.26014798624942 -942.09533984892937 -1187.8628064859051
      -1384.8089672124636)
     (719.73182207790751 929.97532543189629 817.94480179871618
      2463.7083256177534 407.58444957629695 143.90594415822073
      -101.19563430306142 -323.73827406843952 -240.54819165050071
      -472.48403767131134 -636.59408106621333 -778.52257598728727
      -532.80581151129741 -695.26247706925176 -760.50034839230432
      -941.19923694112538)
     (543.32563106183125 530.22258481558038 655.89942238781384
      407.58444957629695 2124.9795780935315 71.869354956573531
      -122.15870220400508 -269.13000111508944 -148.80505446901796
      -288.69981546415619 -428.61108889304916 -480.86014222277538
      -486.991002952327 -588.90409938746961 -707.95441863955239
      -811.76669554418481)
     (235.9169989412853 244.68268507901064 266.78832938259154
      143.90594415822073 71.869354956573531 1711.7396796166624
      -93.539243320754139 -194.11139097646532 -112.10716693842646
      -162.86106455478506 -249.36098164030213 -308.7580579597111
      -300.54963987717031 -395.56235501258749 -421.1671698895683
      -436.88592196457444)
     (-111.80159076658173 -96.350597158933155 -64.114404401964052
      -101.19563430306142 -122.15870220400508 -93.539243320754139
      1692.6934706716393 -103.64156403853089 -50.102181642055967
      -84.160918372526424 -60.316348183543575 -130.79574008460321
      -178.75643505954568 -136.32324874543778 -208.30637443078879
      -151.13048795930757)
     (-357.62220685618809 -469.25574699383316 -448.78365287645437
      -323.73827406843952 -269.13000111508944 -194.11139097646532
      -103.64156403853089 1671.7772015327198 -3.9559369043438615
      63.341164246088447 96.5471981420545 55.578490840771252
      11.334434097513927 44.384312099327552 107.8980085554482
      119.37796431542048)
     (-242.84539891280596 -330.43017052182034 -336.47064655016783
      -240.54819165050071 -148.80505446901796 -112.10716693842646
      -50.102181642055967 -3.9559369043438615 1365.7961688523219
      -22.212900842858645 -53.327237439140958 24.607470442036067
      -27.735882939661089 32.145438572416623 73.007842039200952
      72.983848904824725)
     (-546.03980842896613 -645.76646748184692 -662.95258293653433
      -472.48403767131134 -288.69981546415619 -162.86106455478506
      -84.160918372526424 63.341164246088447 -22.212900842858645
      1541.710622718876 155.5959989459767 178.11040749118823
      159.3083811562912 197.9446021835962 270.08151000032854
      319.08490901063971)
     (-771.55234411987033 -929.710712464469 -862.41940378543757
      -636.59408106621333 -428.61108889304916 -249.36098164030213
      -60.316348183543575 96.5471981420545 -53.327237439140958
      155.5959989459767 1741.5181033349113 302.80513171975014
      274.77258587767193 398.3827080433872 487.97333612786065
      534.297135400414)
     (-882.44078143420677 -1060.3334024630917 -1044.65755301811
      -778.52257598728727 -480.86014222277538 -308.7580579597111
      -130.79574008460321 55.578490840771252 24.607470442036067
      178.11040749118823 302.80513171975014 1892.945482520629
      415.85991852676779 462.33983321389792 596.720205307729
      757.40131310701588)
     (-671.6953320422183 -821.71898046064382 -822.26014798624942
      -532.80581151129741 -486.991002952327 -300.54963987717031
      -178.75643505954568 11.334434097513927 -27.735882939661089
      159.3083811562912 274.77258587767193 415.85991852676779
      1419.0306706955325 441.70760168735137 509.08395443581168
      611.41568635217334)
     (-832.8033596804944 -1019.737667509004 -942.09533984892937
      -695.26247706925176 -588.90409938746961 -395.56235501258749
      -136.32324874543778 44.384312099327552 32.145438572416623
      197.9446021835962 398.3827080433872 462.33983321389792
      441.70760168735137 1593.9525558948023 657.95367246742194
      781.8778230909719)
     (-1071.3179151333668 -1231.4850056772937 -1187.8628064859051
      -760.50034839230432 -707.95441863955239 -421.1671698895683
      -208.30637443078879 107.8980085554482 73.007842039200952
      270.08151000032854 487.97333612786065 596.720205307729
      509.08395443581168 657.95367246742194 1893.0277563500053
      992.84775336497341)
     (-1238.4659405573325 -1471.5548208670966 -1384.8089672124636
      -941.19923694112538 -811.76669554418481 -436.88592196457444
      -151.13048795930757 119.37796431542048 72.983848904824725
      319.08490901063971 534.297135400414 757.40131310701588
      611.41568635217334 781.8778230909719 992.84775336497341
      2246.525637499652)))))
 ((pools
   ((number_of_pools 8) (teams_per_pool 2) (multibracket ((16 0 0 0 0)))))
  ((samples 1300)
   (sums
    (590.982444436775 620.865163051031 549.314452486981 303.32054198481649
     407.18918671198549 183.67418303079569 77.309320405840822
     -46.634080627786055 44.194300668635705 -67.219093053822789
     -177.34676835327741 -304.14001959694787 -397.31839957756097
     -512.37433811142887 -571.15461021143244 -700.66228324460508))
   (prods
    ((655.46775259035167 227.95958573513053 183.89522913040844
      65.001180995532877 152.77160136910612 58.15972903283955
      -4.0216807439069084 -56.922311971000155 1.5455678432242186
      -44.078886163111576 -85.821159637799553 -153.28759973730607
      -187.99973740807462 -246.23247156644567 -252.45469975992583
      -313.98209970902303)
     (227.95958573513053 738.34610482079074 241.2213336558753
      97.74900324968884 153.0119945372021 26.687717737873321
      -4.6074408809718763 -59.078889217396153 -7.3236028121850847
      -50.827025763357383 -94.501481874651176 -151.61974146126607
      -203.05587867337817 -263.23911828912907 -285.50405898421275
      -365.21850178001318)
     (183.89522913040844 241.2213336558753 676.62767810540277
      105.99042243890017 135.92365847762883 47.519136695787388
      -9.898810910229173 -67.882703985842653 1.1071150094510163
      -58.995654890428114 -95.543491532150426 -160.966915586309
      -186.34303878348302 -247.32489567492411 -263.7267534834707
      -301.60230866661675)
     (65.001180995532877 97.74900324968884 105.99042243890017
      510.27675733988804 82.548916766266089 23.331053609155525
      5.932278904314483 -32.442538626050656 -12.419293037681202
      -40.548916144022144 -65.03505111418616 -107.10026420752747
      -116.59977018251892 -146.09434449882343 -171.76955108568822
      -198.81988440724774)
     (152.77160136910612 153.0119945372021 135.92365847762883
      82.548916766266089 515.01590239172231 29.756420101047851
      23.200578729590944 -45.845063458596485 -0.94872908591709759
      -49.332532074944027 -76.398041011081517 -127.74909499082563
      -150.76199932715602 -200.49643229159551 -200.81186158534229
      -239.88531854710573)
     (58.15972903283955 26.687717737873321 47.519136695787388
      23.331053609155525 29.756420101047851 386.75565421350063
      -13.932340816537852 -20.098066118821535 0.077681492577981626
      -22.702256331656869 -50.982085170089462 -57.100705749264947
      -81.691127596825567 -89.573217452869727 -112.26284833368702
      -123.94474531302932)
     (-4.0216807439069084 -4.6074408809718763 -9.898810910229173
      5.932278904314483 23.200578729590944 -13.932340816537852
      377.753476166684 -22.310011875394384 -28.14026892010676
      -33.963269235847214 -33.955039751208695 -59.354977403365893
      -61.787737269533693 -31.35186915396417 -49.811052250674216
      -53.751834588848631)
     (-56.922311971000155 -59.078889217396153 -67.882703985842653
      -32.442538626050656 -45.845063458596485 -20.098066118821535
      -22.310011875394384 373.67210502374 -9.5084403334868082
      -9.70332853807272 -6.297270543847576 -16.499282233536039
      -10.214487880958377 -10.945995969226281 -1.1254036145771509
      -4.7983106569330571)
     (1.5455678432242186 -7.3236028121850847 1.1071150094510163
      -12.419293037681202 -0.94872908591709759 0.077681492577981626
      -28.14026892010676 -9.5084403334868082 299.0189515544925
      -6.7450204169313537 -30.450710968096068 -21.16882670068016
      -45.254394916108112 -52.7149474622892 -41.054920515071935
      -46.020160731191872)
     (-44.078886163111576 -50.827025763357383 -58.995654890428114
      -40.548916144022144 -49.332532074944027 -22.702256331656869
      -33.963269235847214 -9.70332853807272 -6.7450204169313537
      292.28586969177064 -4.7279448841335556 5.8273230797685063
      1.9380344711704613 -1.4953930502055843 8.8733312938300237
