(((pools
   ((number_of_pools 4) (teams_per_pool 1) (cycles_per_pool 1)
    (multibracket ((4 0)))))
  ((samples 30000)
   (sums
    (14797.311742238042 -1640.6508934389258 -2300.1289069378322
     -10856.531941861256))
   (prods
    ((17181.154172954783 -6950.1905724512526 -3045.758003051742
      -7185.2055974517789)
     (-6950.1905724512526 10021.214189498929 -1685.0257906312327
      -1385.997826416417)
     (-3045.758003051742 -1685.0257906312327 6158.1455349281878
      -1427.361741245199)
     (-7185.2055974517789 -1385.997826416417 -1427.361741245199
      9998.56516511342)))))
 ((pools
   ((number_of_pools 4) (teams_per_pool 1) (cycles_per_pool 1)
    (multibracket ((4 0 0) (2 1 0)))))
  ((samples 70000)
   (sums
    (20758.797417056496 1047.5096084685047 -4765.7833150911756
     -17040.523710433834))
   (prods
    ((19369.521601704259 -7845.2502406472468 -4654.8446616163073
      -6869.42669944067)
     (-7845.2502406472468 14872.336616577104 -3798.668552169047
      -3228.417823760783)
     (-4654.8446616163073 -3798.668552169047 10988.914497892511
      -2535.4012841071572)
     (-6869.42669944067 -3228.417823760783 -2535.4012841071572
      12633.245807308593)))))
 ((pools
   ((number_of_pools 1) (teams_per_pool 4) (cycles_per_pool 1)
    (multibracket ((4 0)))))
  ((samples 30000)
   (sums
    (14344.644367436207 -2257.3778230923581 -1696.077645598509
     -10391.188898745346))
   (prods
    ((16333.297569531554 -6926.9418996744371 -2705.5416410277621
      -6700.8140288293889)
     (-6926.9418996744371 9621.0299381637069 -1587.1551190701807
      -1106.9329194191114)
     (-2705.5416410277621 -1587.1551190701807 5755.71762080173
      -1463.0208607037835)
     (-6700.8140288293889 -1106.9329194191114 -1463.0208607037835
      9270.7678089523015)))))
 ((pools
   ((number_of_pools 1) (teams_per_pool 4) (cycles_per_pool 1)
    (multibracket ((2)))))
  ((samples 30000)
   (sums
    (13288.380757455787 -3162.7744113392455 -2926.2612407408769
     -7199.3451053756653))
   (prods
    ((14716.443968784341 -7537.4286778788828 -3113.7101754098212
      -4065.3051154956629)
     (-7537.4286778788828 9418.9253486091875 -1486.2177463306712
      -395.27892439964552)
     (-3113.7101754098212 -1486.2177463306712 5452.1153673842764
      -852.18744564379176)
     (-4065.3051154956629 -395.27892439964552 -852.18744564379176
      5312.7714855390868)))))
 ((pools
   ((number_of_pools 1) (teams_per_pool 4) (cycles_per_pool 1)
    (multibracket ((2 0) (2 1 0)))))
  ((samples 70000)
   (sums
    (17697.179129831118 1959.9392522850758 -4674.5629747773819
     -14982.555407338779))
   (prods
    ((15458.187372679718 -6602.6329909408341 -3824.7086388004673
      -5030.8457429384343)
     (-6602.6329909408341 13445.532498370078 -3932.0468444770463
      -2910.8526629521857)
     (-3824.7086388004673 -3932.0468444770463 10145.239934649073
      -2388.4844513715552)
     (-5030.8457429384343 -2910.8526629521857 -2388.4844513715552
      10330.182857262162)))))
 ((pools
   ((number_of_pools 1) (teams_per_pool 4) (cycles_per_pool 1)
    (multibracket ((2 0) (2 0)))))
  ((samples 70000)
   (sums
    (17782.597768907443 2865.8608822077381 -3676.364744494038
     -16972.093906621154))
   (prods
    ((15569.817017291152 -6277.7766564931944 -3354.3225727814697
      -5937.7177880165082)
     (-6277.7766564931944 13917.91774550003 -3875.8827635814605
      -3764.25832542537)
     (-3354.3225727814697 -3875.8827635814605 10075.35826013708
      -2845.1529237741538)
     (-5937.7177880165082 -3764.25832542537 -2845.1529237741538
      12547.129037216015)))))
 ((pools
   ((number_of_pools 1) (teams_per_pool 4) (cycles_per_pool 1)
    (multibracket ((1) (2 1 0)))))
  ((samples 70000)
   (sums
    (20811.391612184256 -208.64570443487889 -5683.5935346853657
     -14919.152373063986))
   (prods
    ((19452.693107359453 -8442.1810863587361 -5165.1900532235923
      -5845.3219677770994)
     (-8442.1810863587361 14425.331912675194 -3685.0018100705665
      -2298.1490162458704)
     (-5165.1900532235923 -3685.0018100705665 10955.324213110009
      -2105.13234981585)
     (-5845.3219677770994 -2298.1490162458704 -2105.13234981585
      10248.603333838817)))))
 ((pools
   ((number_of_pools 1) (teams_per_pool 4) (cycles_per_pool 1)
    (multibracket ((1) (2 0)))))
  ((samples 70000)
   (sums
    (20727.34177560464 781.12189840271094 -4584.6026493425525
     -16923.861024664824))
   (prods
    ((19254.424651142293 -7957.7332919127984 -4565.5338047518335
      -6731.15755447763)
     (-7957.7332919127984 14777.800642487004 -3662.3314760879921
      -3157.735874486194)
     (-4565.5338047518335 -3662.3314760879921 10809.854810795072
      -2581.9895299552559)
     (-6731.15755447763 -3157.735874486194 -2581.9895299552559
      12470.882958919074)))))
 ((pools
   ((number_of_pools 4) (teams_per_pool 1) (cycles_per_pool 1)
    (multibracket ((4 0 0) (1)))))
  ((samples 40000)
   (sums
    (11900.023039883788 5522.8182687072986 -2898.55758313556
     -14524.283725455551))
   (prods
    ((11113.084819390253 -1679.188816050791 -3055.1431804993335
      -6378.7528228401334)
     (-1679.188816050791 9809.4066584467146 -3201.4718037018583
      -4928.74603869405)
     (-3055.1431804993335 -3201.4718037018583 8188.565737797956
      -1931.9507535967498)
     (-6378.7528228401334 -4928.74603869405 -1931.9507535967498
      13239.449615130916)))))
 ((pools
   ((number_of_pools 1) (teams_per_pool 4) (cycles_per_pool 1)
    (multibracket ((4 0 0) (1)))))
  ((samples 40000)
   (sums
    (11486.079737089982 4396.943133570705 -2120.9328182467721
     -13762.090052413902))
   (prods
    ((10557.885527377497 -1671.2363590513503 -2827.0536071888837
      -6059.59556113727)
     (-1671.2363590513503 8710.2325247508852 -2758.4876285635996
      -4280.5085371359446)
     (-2827.0536071888837 -2758.4876285635996 7430.32106564898
      -1844.7798298964983)
     (-6059.59556113727 -4280.5085371359446 -1844.7798298964983
      12184.883928169709)))))
 ((pools
   ((number_of_pools 1) (teams_per_pool 4) (cycles_per_pool 1)
    (multibracket ((2 1 0) (1)))))
  ((samples 40000)
   (sums
    (9619.5513143028948 2800.5237668819673 -2716.7256289944025
     -9703.3494521904686))
   (prods
    ((8216.8496489746576 -2765.5241323383088 -2173.2793026665008
      -3278.04621396986)
     (-2765.5241323383088 7837.06315644358 -2605.622384590908
      -2465.9166395143457)
     (-2173.2793026665008 -2605.622384590908 6163.8437975100642
      -1384.9421102526583)
     (-3278.04621396986 -2465.9166395143457 -1384.9421102526583
      7128.9049637368616)))))
 ((pools
   ((number_of_pools 1) (teams_per_pool 4) (cycles_per_pool 1)
    (multibracket ((2 0) (1)))))
  ((samples 40000)
   (sums
    (10178.891097422307 3502.8440007832478 -3964.3775708476537
     -9717.357527357899))
   (prods
    ((8924.4787652024133 -2535.1834886231045 -2999.8454972073887
      -3389.4497793719229)
     (-2535.1834886231045 8368.4944022359487 -3109.0482666014263
      -2724.2626470114105)
     (-2999.8454972073887 -3109.0482666014263 7182.7066098547784
      -1073.8128460459684)
     (-3389.4497793719229 -2724.2626470114105 -1073.8128460459684
      7187.5252724293041)))))
 ((pools
   ((number_of_pools 1) (teams_per_pool 4) (cycles_per_pool 1)
    (multibracket ((1) (1)))))
  ((samples 40000)
   (sums
    (11895.404020986352 1875.816715690994 -4019.1724365391588
     -9752.0483001381745))
   (prods
    ((11097.114987558169 -3829.7088424712133 -3345.6067003601934
      -3921.7994447267588)
     (-3829.7088424712133 8890.2467862320227 -2820.8470305452138
      -2239.690913215587)
     (-3345.6067003601934 -2820.8470305452138 7233.6977457764
      -1067.2440148709977)
     (-3921.7994447267588 -2239.690913215587 -1067.2440148709977
      7228.7343728133437)))))
 ((pools
   ((number_of_pools 4) (teams_per_pool 1) (cycles_per_pool 1)
    (multibracket ((4 0 0) (2 1 0) (2 0)))))
  ((samples 10000)
   (sums
    (2926.8544226363865 156.0502836066963 -1039.1739600427286
     -2043.7307462003598))
   (prods
    ((2734.8032518747709 -1126.8859483380156 -802.45466666501227
      -805.4626368717436)
     (-1126.8859483380156 2098.0567627756518 -634.750336794768
      -336.4204776428615)
     (-802.45466666501227 -634.750336794768 1659.3400198232305
      -222.13501636345609)
     (-805.4626368717436 -336.4204776428615 -222.13501636345609
      1364.0181308780589)))))
 ((pools
   ((number_of_pools 4) (teams_per_pool 1) (cycles_per_pool 1)
    (multibracket ((4 0 0) (2 1 0) (1)))))
  ((samples 10000)
   (sums
    (2930.974689811148 186.67677113651951 -639.32393066655231
     -2478.3275302811148))
   (prods
    ((2772.9149304277771 -1137.7664307065927 -632.37706488250171
      -1002.7714348386841)
     (-1137.7664307065927 2131.4373285938264 -515.33368479627677
      -478.33721309095887)
     (-632.37706488250171 -515.33368479627677 1520.6718704729471
      -372.96112079417031)
     (-1002.7714348386841 -478.33721309095887 -372.96112079417031
      1854.0697687238048)))))
 ((pools
   ((number_of_pools 4) (teams_per_pool 1) (cycles_per_pool 1)
    (multibracket ((4 0 0) (1) (2 0)))))
  ((samples 10000)
   (sums
    (2934.03421125142 1438.8877551313715 -1935.9112160631562
     -2437.0107503196232))
   (prods
    ((2756.8879640685527 -389.34384847231587 -1404.4107674503534
      -963.13334814587722)
     (-389.34384847231587 2412.7414684162841 -1174.2425114219564
      -849.15510852201646)
     (-1404.4107674503534 -1174.2425114219564 2570.4788836431371
      8.174395229177728)
     (-963.13334814587722 -849.15510852201646 8.174395229177728
      1804.1140614387079)))))
 ((pools
   ((number_of_pools 1) (teams_per_pool 4) (cycles_per_pool 1)
    (multibracket ((4 0 0) (1) (2 0)))))
  ((samples 10000)
   (sums
    (2918.5987262370113 1144.7650131885237 -1689.0809973170969
     -2374.2827421084335))
   (prods
    ((2674.60180495957 -362.82017795172146 -1299.43765307969
      -1012.3439739281528)
     (-362.82017795172146 2138.6538020722 -1017.9593537039445
      -757.874270416533)
     (-1299.43765307969 -1017.9593537039445 2259.0883933916284
      58.308613392005483)
     (-1012.3439739281528 -757.874270416533 58.308613392005483
      1711.90963095268)))))
 ((pools
   ((number_of_pools 1) (teams_per_pool 4) (cycles_per_pool 1)
    (multibracket ((2 1 0) (1) (2 0)))))
  ((samples 10000)
   (sums
    (2455.8953732428654 650.46039933072166 -1083.9298876164828
     -2022.4258849570988))
   (prods
    ((2110.6229475681334 -722.81966688732621 -719.40259459251683
      -668.4006860882904)
     (-722.81966688732621 1944.8592244579938 -766.36050028387479
      -455.67905728678193)
     (-719.40259459251683 -766.36050028387479 1686.5505600025724
      -200.78746512618508)
     (-668.4006860882904 -455.67905728678193 -200.78746512618508
      1324.8672085012579)))))
 ((pools
   ((number_of_pools 1) (teams_per_pool 4) (cycles_per_pool 1)
    (multibracket ((2 1 0) (1) (1)))))
  ((samples 10000)
   (sums
    (2477.2119103668811 666.40806165929973 -660.98419235010147
     -2482.6357796760713))
   (prods
    ((2149.3295129217945 -723.33855785952346 -565.11123675355157
      -860.87971830871743)
     (-723.33855785952346 1960.5586692796976 -623.699462815389
      -613.52064860478231)
     (-565.11123675355157 -623.699462815389 1574.856856060672
      -386.04615649173621)
     (-860.87971830871743 -613.52064860478231 -386.04615649173621
      1860.446523405227)))))
 ((pools
   ((number_of_pools 1) (teams_per_pool 4) (cycles_per_pool 1)
    (multibracket ((2 0) (2 1 0) (1)))))
  ((samples 10000)
   (sums
    (2575.1320583076545 214.16894499002674 -660.16214290090193
     -2129.1388603967812))
   (prods
    ((2289.8559861023705 -1011.8184832687682 -539.39680757761118
      -738.64069525598825)
     (-1011.8184832687682 1932.1204162143058 -551.03501110862817
      -369.26692183689732)
     (-539.39680757761118 -551.03501110862817 1430.8172888727145
      -340.38547018647341)
     (-738.64069525598825 -369.26692183689732 -340.38547018647341
      1448.2930872793606)))))
 ((pools
   ((number_of_pools 1) (teams_per_pool 4) (cycles_per_pool 1)
    (multibracket ((2 0) (2 0) (1)))))
  ((samples 10000)
   (sums
    (2559.3297590309771 409.25738090842344 -505.6956680346002
     -2462.8914719047903))
   (prods
    ((2254.87594856651 -903.57528211494332 -488.44528595513981
      -862.85538049642162)
     (-903.57528211494332 1983.6773606654292 -545.90931784366387
      -534.19276070681769)
     (-488.44528595513981 -545.90931784366387 1462.1391277559806
      -427.78452395718182)
     (-862.85538049642162 -534.19276070681769 -427.78452395718182
      1824.8326651604104)))))
 ((pools
   ((number_of_pools 1) (teams_per_pool 4) (cycles_per_pool 1)
    (multibracket ((2 0) (1) (2 0)))))
  ((samples 10000)
   (sums
    (2526.8667564891502 858.54347058370581 -1239.7394111059843
     -2145.6708159668606))
   (prods
    ((2214.6639416773542 -644.56910644568188 -848.52704857865365
      -721.5677866530076)
     (-644.56910644568188 2061.7240479735747 -847.41861702910626
      -569.73632449878153)
     (-848.52704857865365 -847.41861702910626 1860.8018023595148
      -164.856136751756)
     (-721.5677866530076 -569.73632449878153 -164.856136751756
      1456.1602479035428)))))
 ((pools
   ((number_of_pools 1) (teams_per_pool 4) (cycles_per_pool 1)
    (multibracket ((2 0) (1) (1)))))
  ((samples 10000)
   (sums
    (2533.1129705155872 852.93615136130416 -921.49002235891112
     -2464.5590995179659))
   (prods
    ((2230.6804010420906 -638.67901840857064 -736.28003231818479
      -855.72135031532844)
     (-638.67901840857064 2053.7146851757475 -733.49953718794359
      -681.53612957923008)
     (-736.28003231818479 -733.49953718794359 1765.1174376565148
      -295.33786815038729)
     (-855.72135031532844 -681.53612957923008 -295.33786815038729
      1832.5953480449348)))))
 ((pools
   ((number_of_pools 1) (teams_per_pool 4) (cycles_per_pool 1)
    (multibracket ((1) (2 1 0) (1)))))
  ((samples 10000)
   (sums
    (2877.1153480265539 58.418588585923573 -788.95059137219516
     -2146.5833452402926))
   (prods
    ((2674.874872274514 -1164.132014272016 -687.376506201526
      -823.3663518009696)
     (-1164.132014272016 2024.3696232816833 -540.584002462104
      -319.65360654755767)
     (-687.376506201526 -540.584002462104 1537.3538650359035
      -309.39335637227487)
     (-823.3663518009696 -319.65360654755767 -309.39335637227487
      1452.4133147208013)))))
 ((pools
   ((number_of_pools 1) (teams_per_pool 4) (cycles_per_pool 1)
    (multibracket ((1) (2 0) (2 0)))))
  ((samples 10000)
   (sums
    (2881.1473196543661 257.00014111355489 -1087.5016035004166
     -2050.6458572675119))
   (prods
    ((2691.0762363164235 -1074.5915040839757 -805.00060652092191
      -811.48412571152994)
     (-1074.5915040839757 2096.3713966428581 -683.96337654057663
      -337.81651601830043)
     (-805.00060652092191 -683.96337654057663 1695.809292116777
      -206.84530905528018)
     (-811.48412571152994 -337.81651601830043 -206.84530905528018
      1356.1459507851121)))))
 ((pools
   ((number_of_pools 1) (teams_per_pool 4) (cycles_per_pool 1)
    (multibracket ((1) (2 0) (1)))))
  ((samples 10000)
   (sums
    (2886.3737057463595 248.03341751211551 -668.25418251833332
     -2466.1529407401417))
   (prods
    ((2667.5318527124246 -1059.6252779263868 -668.64576675767137
      -939.26080802836577)
     (-1059.6252779263868 2096.8766075033627 -534.16301391942284
      -503.08831565755088)
     (-668.64576675767137 -534.16301391942284 1581.0237692894666
      -378.21498861237473)
     (-939.26080802836577 -503.08831565755088 -378.21498861237473
      1820.5641122982843)))))
 ((pools
   ((number_of_pools 1) (teams_per_pool 4) (cycles_per_pool 1)
    (multibracket ((1) (1) (2 0)))))
  ((samples 10000)
   (sums
    (2896.1076077967118 475.68522964958493 -1232.8547337999562
     -2138.9381036463406))
   (prods
    ((2704.7445327594419 -961.27884047796113 -915.05244881617375
      -828.413243465309)
     (-961.27884047796113 2163.008895577806 -756.43829188808115
      -445.29176321175726)
     (-915.05244881617375 -756.43829188808115 1838.2592863969151
      -166.76854569266268)
     (-828.413243465309 -445.29176321175726 -166.76854569266268
      1440.4735523697241)))))
 ((pools
   ((number_of_pools 1) (teams_per_pool 4) (cycles_per_pool 1)
    (multibracket ((1) (1) (1)))))
  ((samples 10000)
   (sums
    (2900.4455294662648 503.16659550010172 -924.86971797016486
     -2478.7424069962012))
   (prods
    ((2708.0512379819174 -921.17170466764469 -819.12168158502573
      -967.75785172925555)
     (-921.17170466764469 2165.0924631192579 -650.68209587926719
      -593.23866257234374)
     (-819.12168158502573 -650.68209587926719 1752.4387138265108
      -282.63493636221773)
     (-967.75785172925555 -593.23866257234374 -282.63493636221773
      1843.6314506638084)))))
 ((pools
   ((number_of_pools 1) (teams_per_pool 4) (cycles_per_pool 0)
    (multibracket ((4 0 0) (1)))))
  ((samples 20000)
   (sums
    (5864.0806685366861 2770.3933280903047 -1381.9613158965574
     -7252.5126807304368))
   (prods
    ((5508.9747515666295 -827.620014919703 -1495.3240495527448
      -3186.0306870941795)
     (-827.620014919703 4868.2066039126039 -1556.1310593156413
      -2484.455529677271)
     (-1495.3240495527448 -1556.1310593156413 4006.2955967851567
      -954.84048791676446)
     (-3186.0306870941795 -2484.455529677271 -954.84048791676446
      6625.3267046882247)))))
 ((pools
   ((number_of_pools 1) (teams_per_pool 4) (cycles_per_pool 0)
    (multibracket ((2 1 0) (1)))))
  ((samples 20000)
   (sums
    (7761.9757763390426 4392.165149824561 -1376.4076159977874
     -10777.733310165831))
   (prods
    ((8241.2027174472278 601.5712836991604 -1712.7687886772314
      -7130.0052124691592)
     (601.5712836991604 5621.9487860912541 -1608.1091717638938
      -4615.4108980265228)
     (-1712.7687886772314 -1608.1091717638938 4078.6316684147805
      -757.753707973662)
     (-7130.0052124691592 -4615.4108980265228 -757.753707973662
      12503.169818469341)))))
 ((pools
   ((number_of_pools 1) (teams_per_pool 4) (cycles_per_pool 0)
    (multibracket ((2 0) (2 1 0)))))
  ((samples 20000)
   (sums
    (10033.611324202571 -1479.3397823365185 -1273.3934014983761
     -7280.8781403676785))
   (prods
    ((11828.031785643238 -4877.915793931219 -1788.2639970438263
      -5161.8519946682209)
     (-4877.915793931219 6815.6718634003519 -1241.9487176660045
      -695.80735180312627)
     (-1788.2639970438263 -1241.9487176660045 3859.9366682477362
      -829.72395353791148)
     (-5161.8519946682209 -695.80735180312627 -829.72395353791148
      6687.3833000092445)))))
 ((pools
   ((number_of_pools 1) (teams_per_pool 4) (cycles_per_pool 0)
    (multibracket ((2 0) (2 0)))))
  ((samples 20000)
   (sums
    (10005.140151550575 877.08220200576909 -22.773592928091695
     -10859.448760628306))
   (prods
    ((11707.84018303986 -2385.1974131278075 -926.926991241421
      -8395.7157786706521)
     (-2385.1974131278075 5960.7227565915082 -883.64292051548523
      -2691.8824229482307)
     (-926.926991241421 -883.64292051548523 3374.7747510019271
      -1564.2048392450126)
     (-8395.7157786706521 -2691.8824229482307 -1564.2048392450126
      12651.803040863902)))))
 ((pools
   ((number_of_pools 1) (teams_per_pool 4) (cycles_per_pool 0)
    (multibracket ((2 0) (1)))))
  ((samples 20000)
   (sums
    (9961.15113264508 5680.5952207845839 -4944.0640421411708
     -10697.682311288487))
   (prods
    ((11640.36511710905 2133.2648029688767 -5586.7010180589741
      -8186.9289020189572)
     (2133.2648029688767 6563.591561211817 -3323.4513249021147
      -5373.4050392785884)
     (-5586.7010180589741 -3323.4513249021147 7743.2770063020616
      1166.8753366590277)
     (-8186.9289020189572 -5373.4050392785884 1166.8753366590277
      12393.458604638545)))))
 ((pools
   ((number_of_pools 1) (teams_per_pool 4) (cycles_per_pool 0)
    (multibracket ((1) (2 1 0)))))
  ((samples 20000)
   (sums
    (13484.481699706939 -3394.1478587749189 -2815.7160422176721
     -7274.61779871436))
   (prods
    ((17408.780233111414 -7046.0779443255533 -3890.646526761283
      -6472.0557620245745)
     (-7046.0779443255533 7773.370231737561 -707.56159575426693
      -19.730691657720243)
     (-3890.646526761283 -707.56159575426693 4776.2314063396034
      -178.02328382404133)
     (-6472.0557620245745 -19.730691657720243 -178.02328382404133
      6669.8097375063535)))))
 ((pools
   ((number_of_pools 1) (teams_per_pool 4) (cycles_per_pool 0)
    (multibracket ((1) (2 0)))))
  ((samples 20000)
   (sums
    (13417.81487206748 -1120.6994155951527 -1465.1331299498693
     -10831.982326522491))
   (prods
    ((17392.292082125572 -4455.4354946825752 -2541.06217507385
      -10395.79441236917)
     (-4455.4354946825752 6873.36496994396 -845.59445566714226
      -1572.3350195942298)
     (-2541.06217507385 -845.59445566714226 4039.7344318475762
      -653.077801106588)
     (-10395.79441236917 -1572.3350195942298 -653.077801106588
      12621.207233069992)))))
 ((pools
   ((number_of_pools 1) (teams_per_pool 4) (cycles_per_pool 0)
    (multibracket ((1) (1)))))
  ((samples 20000)
   (sums
    (13352.022195920174 2148.8079383779996 -4842.72388024743
     -10658.106254050754))
   (prods
    ((17155.975092090608 -857.80213018825532 -6211.50610875695
      -10086.666853145452)
     (-857.80213018825532 6747.4957738148014 -2444.4631464771942
      -3445.2304971493504)
     (-6211.50610875695 -2444.4631464771942 7516.8455845233184
      1139.1236707108324)
     (-10086.666853145452 -3445.2304971493504 1139.1236707108324
      12392.773679583965))))))