(((pools
   ((number_of_pools 2) (teams_per_pool 7) (cycles_per_pool 1)
    (multibracket ((4 0 0)))))
  ((samples 50000)
   (sums
    (18694.340792853312 17837.229188754976 15660.204215135651
     6258.4564428250178 6998.5202048975543 352.06353333288507
     1274.5082204914102 -4125.0619038219966 -4493.443145946193
     -9264.4843880849112 -8504.224812210794 -12847.381842766736
     -11798.002888547944 -16042.723616911999))
   (prods
    ((18213.146851653597 3822.7630662618594 3552.4560849678446
      348.53129190740339 1296.872516510216 -1009.4187400438014
      -68.564010598841222 -2040.031189452535 -1903.4865281121181
      -3724.9986435491264 -3248.2523537599395 -4851.8438635597477
      -4379.0841736322591 -6008.090308592642)
     (3822.7630662618594 21133.331775572588 3573.2877036463747
      23.106774750145437 723.68498670430574 -1593.7694960227659
      -719.1875369320037 -2547.2721496446989 -2217.085172694995
      -3817.8248178483077 -3305.4284218932371 -4815.9555875150972
      -4400.3340093298157 -5859.31711505459)
     (3552.4560849678446 3573.2877036463747 20245.503374873213
      -79.073999810938446 727.78457690928326 -1517.0585911484313
      -931.39960523981938 -2634.6150694208186 -2285.3290272651843
      -3700.8818208231528 -3209.7831531804177 -4533.7392550434779
      -3907.2726982361546 -5299.8785202283534)
     (348.53129190740339 23.106774750145437 -79.073999810938446
      15713.277730770091 -346.0211292449618 -1340.3084208408029
      -1148.7499327773417 -1844.0648712695556 -1445.2782019258432
      -2098.8582212323181 -1595.6459658014137 -2124.2654918478515
      -1795.0816316876108 -2267.5679309890193)
     (1296.872516510216 723.68498670430574 727.78457690928326
      -346.0211292449618 14780.798332956925 -1672.6689262139935
      -399.62878621932782 -1396.5272260560587 -2010.7926551923231
      -2655.5922682263808 -1916.6737760318483 -2509.1627462853594
      -2046.8253611180378 -2575.2475384926006)
     (-1009.4187400438014 -1593.7694960227659 -1517.0585911484313
      -1340.3084208408029 -1672.6689262139935 13696.069701483564
      -441.85105537650463 -712.82205520890363 -1327.1413987037129
      -1430.5146632410554 -743.90642966381313 -752.76457183743662
      -571.75718979990222 -582.08816338241593)
     (-68.564010598841222 -719.1875369320037 -931.39960523981938
      -1148.7499327773417 -399.62878621932782 -441.85105537650463
      10752.991684347133 -1354.1993182416384 -659.20375874559045
      -793.5889702911843 -1119.9837868675738 -1342.9554870929476
      -826.67704201843537 -947.00239394598964)
     (-2040.031189452535 -2547.2721496446989 -2634.6150694208186
      -1844.0648712695556 -1396.5272260560587 -712.82205520890363
      -1354.1993182416384 11028.108026073387 47.590307509949959
      260.86962180310451 -233.05255355502908 160.93352325670645
      434.08804347206075 830.99491073388572)
     (-1903.4865281121181 -2217.085172694995 -2285.3290272651843
      -1445.2782019258432 -2010.7926551923231 -1327.1413987037129
      -659.20375874559045 47.590307509949959 9856.4226962055654
      -57.832190359347145 357.97208787093552 594.7314127898378
      301.17588302006607 748.25654560275541)
     (-3724.9986435491264 -3817.8248178483077 -3700.8818208231528
      -2098.8582212323181 -2655.5922682263808 -1430.5146632410554
      -793.5889702911843 260.86962180310451 -57.832190359347145
      11129.531265140437 1273.5413322169968 1922.2882270098385
      1483.0114599526046 2210.8496894478285)
     (-3248.2523537599395 -3305.4284218932371 -3209.7831531804177
      -1595.6459658014137 -1916.6737760318483 -743.90642966381313
      -1119.9837868675738 -233.05255355502908 357.97208787093552
      1273.5413322169968 8444.0228127647315 1498.673156186052
      1584.7796954203388 2213.7373562942676)
     (-4851.8438635597477 -4815.9555875150972 -4533.7392550434779
      -2124.2654918478515 -2509.1627462853594 -752.76457183743662
      -1342.9554870929476 160.93352325670645 594.7314127898378
      1922.2882270098385 1498.673156186052 10273.180373502397
      2748.3647767438028 3732.5155336932025)
     (-4379.0841736322591 -4400.3340093298157 -3907.2726982361546
      -1795.0816316876108 -2046.8253611180378 -571.75718979990222
      -826.67704201843537 434.08804347206075 301.17588302006607
      1483.0114599526046 1584.7796954203388 2748.3647767438028
      8060.5491045395565 3315.0631426737032)
     (-6008.090308592642 -5859.31711505459 -5299.8785202283534
      -2267.5679309890193 -2575.2475384926006 -582.08816338241593
      -947.00239394598964 830.99491073388572 748.25654560275541
      2210.8496894478285 2213.7373562942676 3732.5155336932025
      3315.0631426737032 10487.774792239936)))))
 ((pools
   ((number_of_pools 2) (teams_per_pool 7) (cycles_per_pool 1)
    (multibracket ((2 0)))))
  ((samples 50000)
   (sums
    (19892.129477240996 20377.596430977279 13724.055751380838
     4416.860817705513 7017.8723538653294 483.13891687458016
     1276.7442179971747 -3968.055849783841 -4494.2161324254057
     -9271.0299408997125 -8338.7370291668649 -13035.864557521712
     -11887.667952500029 -16192.826503744251))
   (prods
    ((20080.408507743163 5165.6811625386144 3068.017648101762
      -515.07872393244486 1291.0251324287703 -1213.8190486862809
      -5.1584431256066194 -2037.829382551776 -2052.0638156186665
      -3956.3901208292223 -3370.964590084955 -5300.7869201452577
      -4760.3510777185948 -6392.6903281194191)
     (5165.6811625386144 24125.989873607985 3710.3922841144736
      -550.4648605083579 761.50403920780923 -1972.3982562764268
      -545.9304484372077 -2575.5630686109639 -2606.6964374706754
      -4454.603197879077 -3706.9360433145321 -5642.7554978801909
      -4982.1651529529136 -6726.0543961385492)
     (3068.017648101762 3710.3922841144736 19097.107917152396
      -1673.828317141099 744.85938981608967 -1099.7723485137071
      -1079.7778583513223 -2497.5168601929304 -2029.3189472255197
      -3403.9775987485673 -2764.5918741298224 -4035.8066806636343
      -3433.5880867958349 -4602.198667422278)
     (-515.07872393244486 -550.4648605083579 -1673.828317141099
      15868.86775871799 -198.25133793894307 -1038.2026861537931
      -1378.948514448201 -1738.1488005301928 -1220.2118415867415
      -1596.2541743219647 -1215.8585198898934 -1679.4168157151928
      -1279.4502677742271 -1784.752898777049)
     (1291.0251324287703 761.50403920780923 744.85938981608967
      -198.25133793894307 14884.987180276796 -1766.060126646998
      -476.48688150805327 -1365.7889539210648 -1937.6478003293171
      -2746.9988029552283 -1804.3298678342076 -2553.0954559627467
      -2101.949479071674 -2731.7670355613818)
     (-1213.8190486862809 -1972.3982562764268 -1099.7723485137071
      -1038.2026861537931 -1766.060126646998 13752.104091590156
      -481.45074743381 -705.68071037880827 -1284.3442786803339
      -1357.4707641396446 -712.12574070980065 -850.83725456304592
      -661.59676148008771 -608.345367927402)
     (-5.1584431256066194 -545.9304484372077 -1079.7778583513223
      -1378.948514448201 -476.48688150805327 -481.45074743381
      10899.17213190119 -1313.5045193224491 -618.02647305423648
      -827.04166798348854 -1150.32341411132 -1296.2450854877939
      -858.85804965360114 -867.42002898404189)
     (-2037.829382551776 -2575.5630686109639 -2497.5168601929304
      -1738.1488005301928 -1365.7889539210648 -705.68071037880827
      -1313.5045193224491 10878.588457820491 -2.9692362140175419
      233.91233467604033 -188.13772101102168 109.7209766074001
      497.360358729268 705.55712489994323)
     (-2052.0638156186665 -2606.6964374706754 -2029.3189472255197
      -1220.2118415867415 -1937.6478003293171 -1284.3442786803339
      -618.02647305423648 -2.9692362140175419 9834.2243556301619
      -69.2941527626733 290.58748264433569 676.10214204051454
      339.95168616760606 679.70731645956448)
     (-3956.3901208292223 -4454.603197879077 -3403.9775987485673
      -1596.2541743219647 -2746.9988029552283 -1357.4707641396446
      -827.04166798348854 233.91233467604033 -69.2941527626733
      11199.224636629213 1164.186355608743 2010.8892604902724
      1548.6739419218186 2255.1439502938592)
     (-3370.964590084955 -3706.9360433145321 -2764.5918741298224
      -1215.8585198898934 -1804.3298678342076 -712.12574070980065
      -1150.32341411132 -188.13772101102168 290.58748264433569
      1164.186355608743 8306.66946792463 1445.2381936088727
      1507.9536664236668 2198.6326048752667)
     (-5300.7869201452577 -5642.7554978801909 -4035.8066806636343
      -1679.4168157151928 -2553.0954559627467 -850.83725456304592
      -1296.2450854877939 109.7209766074001 676.10214204051454
      2010.8892604902724 1445.2381936088727 10478.848579799871
      2762.606303789657 3875.5382540814594)
     (-4760.3510777185948 -4982.1651529529136 -3433.5880867958349
      -1279.4502677742271 -2101.949479071674 -661.59676148008771
      -858.85804965360114 497.360358729268 339.95168616760606
      1548.6739419218186 1507.9536664236668 2762.606303789657
      8081.8303170230683 3339.5826013918022)
     (-6392.6903281194191 -6726.0543961385492 -4602.198667422278
      -1784.752898777049 -2731.7670355613818 -608.345367927402
      -867.42002898404189 705.55712489994323 679.70731645956448
      2255.1439502938592 2198.6326048752667 3875.5382540814594
      3339.5826013918022 10659.066870928233)))))
 ((pools
   ((number_of_pools 2) (teams_per_pool 7) (cycles_per_pool 1)
    (multibracket ((8 0 0)))))
  ((samples 25000)
   (sums
    (15018.71374879591 4139.663057652182 8058.05656043515 3204.0323675854174
     4859.2855347938075 1606.2441837512879 -1370.3206516412915
     -4037.383121545321 -2130.3385178870312 -4755.1762918745408
     -4140.8718926517486 -6444.11960615183 -5947.2019919299037
     -8060.5833793320026))
   (prods
    ((18224.892963810496 -1362.8844023310573 3833.263930422057
      941.58788983794409 2087.1230115744529 291.45502703893675
      -1482.7848183845183 -3034.2611729974919 -1488.1628421405946
      -3025.1980211108967 -2520.232891594444 -3978.5098344958392
      -3584.0772299828132 -4902.21160964619)
     (-1362.8844023310573 9871.789971040389 568.80631033449936
      -381.77743199152525 63.938949763978208 -404.76090266571168
      -885.59121983359717 -1331.9679600863319 -576.14866159955
      -1083.7236610926664 -874.25511348439193 -1185.872191811538
      -1047.8029173770351 -1369.7507688654603)
     (3833.263930422057 568.80631033449936 10344.897810988239
      -24.204774530396072 846.47234569061231 -343.13349013960539
      -1263.626198448595 -2199.41382999411 -1163.8818672198345
      -1962.8577582826651 -1560.9744307640537 -2323.8929208350351
      -2059.7671257416127 -2691.6880014795538)
     (941.58788983794409 -381.77743199152525 -24.204774530396072
      7867.835278610376 -12.86283434569595 -495.913914129911
      -899.92471724528343 -1261.9683741029444 -656.0967716062795
      -1065.7878681248442 -839.976941225629 -1064.4887305501932
      -903.3113233380077 -1203.109487257622)
     (2087.1230115744529 63.938949763978208 846.47234569061231
      -12.86283434569595 7625.7948751470794 -111.53551524202285
      -770.71372049289266 -1434.2550120764213 -907.27306837753542
      -1434.2353526926202 -1163.6828708512585 -1613.4392829098922
      -1402.2401793896224 -1773.091345798196)
     (291.45502703893675 -404.76090266571168 -343.13349013960539
      -495.913914129911 -111.53551524202285 6641.5306851928472
      -576.72422682617582 -776.66472769263862 -562.368846858355
      -765.88304051342971 -701.47026462566282 -802.84298064914856
      -625.71241272207453 -765.97539016702638)
     (-1482.7848183845183 -885.59121983359717 -1263.626198448595
      -899.92471724528343 -770.71372049289266 -576.72422682617582
      6560.5693573474073 -255.53433652085721 -299.80665207398204
      -221.94846770468629 -111.2743574227475 -86.2895945000601
      81.393705644239375 212.25524646175239)
     (-3034.2611729974919 -1331.9679600863319 -2199.41382999411
      -1261.9683741029444 -1434.2550120764213 -776.66472769263862
      -255.53433652085721 7203.8998328327907 -47.521346650452372
      379.9922634247751 270.93762382496578 661.08922964863939 747.60150341671
      1078.0663069734405)
     (-1488.1628421405946 -576.14866159955 -1163.8818672198345
      -656.0967716062795 -907.27306837753542 -562.368846858355
      -299.80665207398204 -47.521346650452372 4833.2101310988674
      -45.002329940225515 150.31818990810214 324.15366838710338
      126.37466529130718 312.20573178142064)
     (-3025.1980211108967 -1083.7236610926664 -1962.8577582826651
      -1065.7878681248442 -1434.2353526926202 -765.88304051342971
      -221.94846770468629 379.9922634247751 -45.002329940225515
      5654.4270480847372 612.92335198809292 998.40685590845624
      784.99487528155464 1173.8921047743506)
     (-2520.232891594444 -874.25511348439193 -1560.9744307640537
      -839.976941225629 -1163.6828708512585 -701.47026462566282
      -111.2743574227475 270.93762382496578 150.31818990810214
      612.92335198809292 4146.4091005809241 735.09884017823367
      749.17180016550742 1107.0079633223756)
     (-3978.5098344958392 -1185.872191811538 -2323.8929208350351
      -1064.4887305501932 -1613.4392829098922 -802.84298064914856
      -86.2895945000601 661.08922964863939 324.15366838710338
      998.40685590845624 735.09884017823367 5076.7439343494771
      1364.4405990656321 1895.4024082141891)
     (-3584.0772299828132 -1047.8029173770351 -2059.7671257416127
      -903.3113233380077 -1402.2401793896224 -625.71241272207453
      81.393705644239375 747.60150341671 126.37466529130718
      784.99487528155464 749.17180016550742 1364.4405990656321
      4068.3453286705872 1700.5887110156305)
     (-4902.21160964619 -1369.7507688654603 -2691.6880014795538
      -1203.109487257622 -1773.091345798196 -765.97539016702638
      212.25524646175239 1078.0663069734405 312.20573178142064
      1173.8921047743506 1107.0079633223756 1895.4024082141891
      1700.5887110156305 5226.4081306709086)))))
 ((pools
   ((number_of_pools 2) (teams_per_pool 7) (cycles_per_pool 1)
    (multibracket ((4 2 0)))))
  ((samples 25000)
   (sums
    (13949.494134645269 3119.7985239063487 7225.0714196748258
     2424.5013364068113 4842.0643930202632 1551.9777562500726
     505.7663376652153 -2151.3383358775327 -2208.6675349322009
     -4680.6584560574547 -4187.1174106222352 -6404.6127971363894
     -5980.2624838313459 -8006.0168831115925))
   (prods
    ((16484.590214117652 -2325.690909005822 2806.5665568264658
      186.96891669398826 2105.3292086999231 336.79525104992507
      -66.454805956351137 -1417.5728858775199 -1411.6279835767275
      -2795.0605701261652 -2435.3861385261021 -3580.3747746237468
      -3371.6564238500241 -4516.4256558454927)
     (-2325.690909005822 9322.648775092548 -100.841766148977
      -795.25944318098266 104.19553633383781 -313.05783351487713
      -310.52160754215515 -777.79431053265887 -606.7170223863194
      -824.73688369412321 -558.94726183400189 -919.04940150165385
      -832.43827387246029 -1061.7895982123441)
     (2806.5665568264658 -100.841766148977 9698.6780096290986
      -453.52340581746557 676.68117341807124 -245.53683993870118
      -465.78757245092868 -1238.5189674514418 -1024.7453834265116
      -1841.4559654091267 -1497.3540395195882 -2083.2919491647149
      -1834.7594935486379 -2396.1103569975116)
     (186.96891669398826 -795.25944318098266 -453.52340581746557
      7663.2391500307886 -2.2832180227016088 -441.5980198774825
      -594.43653698212233 -781.38212943754013 -684.15720503162436
      -975.671648847938 -604.98465159294778 -896.91596030612777
      -708.7048300643329 -911.29101756347848)
     (2105.3292086999231 104.19553633383781 676.68117341807124
      -2.2832180227016088 7025.8207258592656 -249.89670336605656
      -318.11463580914779 -919.676501998368 -1047.3167097856015
      -1490.8737020904998 -1194.2460689877337 -1580.4189575758976
      -1353.060310824972 -1756.1398358500674)
     (336.79525104992507 -313.05783351487713 -245.53683993870118
      -441.5980198774825 -249.89670336605656 6102.3751103926952
      -297.82961812925009 -625.637670882476 -742.21974362007427
      -849.99551338942445 -640.03923705128091 -737.915244648234
      -583.80992222028044 -711.63401480445509)
     (-66.454805956351137 -310.52160754215515 -465.78757245092868
      -594.43653698212233 -318.11463580914779 -297.82961812925009
      5362.6386363852289 -653.03071651622872 -365.69484928802427
      -444.75967568664123 -508.84871850272907 -578.90285535981843
      -382.31468423425252 -375.94235992756364)
     (-1417.5728858775199 -777.79431053265887 -1238.5189674514418
      -781.38212943754013 -919.676501998368 -625.637670882476
      -653.03071651622872 5540.4143041785892 20.244451721798402
      220.05697402118255 -74.646884466129976 66.627996640492455
      274.74359124839634 366.17274935189761)
     (-1411.6279835767275 -606.7170223863194 -1024.7453834265116
      -684.15720503162436 -1047.3167097856015 -742.21974362007427
      -365.69484928802427 20.244451721798402 4924.7534644062025
      -24.065246706052822 140.24218160952711 328.80654034768213
      157.60814118574697 334.88936454997651)
     (-2795.0605701261652 -824.73688369412321 -1841.4559654091267
      -975.671648847938 -1490.8737020904998 -849.99551338942445
      -444.75967568664123 220.05697402118255 -24.065246706052822
      5614.2691341991986 601.21539777808312 928.56172871415572
      742.20860279856652 1140.3073684387755)
     (-2435.3861385261021 -558.94726183400189 -1497.3540395195882
      -604.98465159294778 -1194.2460689877337 -640.03923705128091
      -508.84871850272907 -74.646884466129976 140.24218160952711
      601.21539777808312 4157.0156697943112 729.24662414483578
      781.62386548482971 1105.1092616689464)
     (-3580.3747746237468 -919.04940150165385 -2083.2919491647149
      -896.91596030612777 -1580.4189575758976 -737.915244648234
      -578.90285535981843 66.627996640492455 328.80654034768213
      928.56172871415572 729.24662414483578 5091.9312627609379
      1366.6682862986704 1865.0267042734056)
     (-3371.6564238500241 -832.43827387246029 -1834.7594935486379
      -708.7048300643329 -1353.060310824972 -583.80992222028044
      -382.31468423425252 274.74359124839634 157.60814118574697
      742.20860279856652 781.62386548482971 1366.6682862986704
      4067.7153546883865 1676.1760969103843)
     (-4516.4256558454927 -1061.7895982123441 -2396.1103569975116
      -911.29101756347848 -1756.1398358500674 -711.63401480445509
      -375.94235992756364 366.17274935189761 334.88936454997651
      1140.3073684387755 1105.1092616689464 1865.0267042734056
      1676.1760969103843 5241.6512940075791)))))
 ((pools
   ((number_of_pools 2) (teams_per_pool 7) (cycles_per_pool 1)
    (multibracket ((4 0)))))
  ((samples 25000)
   (sums
    (14534.809855529769 3869.7192354191779 7907.9173756322734
     3092.5584686282127 3558.2810203681015 -19.86490512814979
     778.40162649791318 -2173.7222042602889 -2249.2911279723103
     -4660.3797592054789 -4145.7775874320441 -6353.3738965113516
     -5991.8885164117582 -8147.3895851540165))
   (prods
    ((17485.349083601381 -1565.5354863618411 3516.1288355331385
      647.16839377194049 1339.9290126385763 -838.5890934130922
      171.385657278829 -1708.890675449881 -1557.0140902524938
      -2857.8131526534726 -2515.9733444720409 -3796.49287259264
      -3523.2741734451461 -4796.3780941831628)
     (-1565.5354863618411 9525.5012735028031 331.417534164713
      -542.092240444035 -295.88779724073214 -751.53412398601961
      -365.8540041071 -731.75285787159453 -564.4694587100015
      -969.0851061027123 -773.77761843405028 -1007.6588826980959
      -1005.1081736595281 -1284.1630580518088)
     (3516.1288355331385 331.417534164713 10150.650102602438
      -140.57318441279835 315.39534428298629 -754.34298684929331
      -451.85331404029779 -1375.8690002450837 -1176.4539458634963
      -1919.681538890761 -1550.305057286072 -2238.8534333569219
      -2039.3656401159953 -2666.2937155224572)
     (647.16839377194049 -542.092240444035 -140.57318441279835
      8090.8461626583739 -78.522771710626969 -675.68858324607857
      -547.55487130923268 -990.03778095645544 -736.7699734972897
      -1064.0666464463404 -780.911953141703 -1106.4659882350982
      -932.72056563622846 -1142.6099973944429)
     (1339.9290126385763 -295.88779724073214 315.39534428298629
      -78.522771710626969 7443.90347107709 -871.66975509337772
      -275.55660076266946 -691.48325570925715 -1032.7576052109671
      -1396.2753946353469 -811.00018708112827 -1233.8369037720893
      -1037.6956194944778 -1374.5419372880003)
     (-838.5890934130922 -751.53412398601961 -754.34298684929331
      -675.68858324607857 -871.66975509337772 6934.7334106798007
      -227.66731262940812 -344.96528767005697 -633.25399012163734
      -667.10041310479039 -397.76345856176806 -297.08498070136585
      -260.47594357865586 -214.59748172424031)
     (171.385657278829 -365.8540041071 -451.85331404029779
      -547.55487130923268 -275.55660076266946 -227.66731262940812
      5383.3542496106229 -669.34521735733347 -263.0613781317565
      -451.4998635636598 -624.975017086955 -677.72374051673637
      -457.0261957411426 -542.6223916431411)
     (-1708.890675449881 -731.75285787159453 -1375.8690002450837
      -990.03778095645544 -691.48325570925715 -344.96528767005697
      -669.34521735733347 5571.9247570857588 0.75946707051458
      163.02049981540367 -98.907814386615073 123.01088674691364
      273.859137012709 478.67714191495406)
     (-1557.0140902524938 -564.4694587100015 -1176.4539458634963
      -736.7699734972897 -1032.7576052109671 -633.25399012163734
      -263.0613781317565 0.75946707051458 4979.2951586168938
      28.628234229671765 138.41126123910885 275.65211695690209
      224.99501455201229 316.03918912254284)
     (-2857.8131526534726 -969.0851061027123 -1919.681538890761
      -1064.0666464463404 -1396.2753946353469 -667.10041310479039
      -451.4998635636598 163.02049981540367 28.628234229671765
      5646.026958057364 655.226976198354 940.36350227221772 771.3195100717046
      1120.9364347523988)
     (-2515.9733444720409 -773.77761843405028 -1550.305057286072
      -780.911953141703 -811.00018708112827 -397.76345856176806
      -624.975017086955 -98.907814386615073 138.41126123910885
      655.226976198354 4104.5756354406931 746.29262168438254
      770.83636806999471 1138.2715878178078)
     (-3796.49287259264 -1007.6588826980959 -2238.8534333569219
      -1106.4659882350982 -1233.8369037720893 -297.08498070136585
      -677.72374051673637 123.01088674691364 275.65211695690209
      940.36350227221772 746.29262168438254 5026.5917832316627
      1370.1878555043097 1876.0180354766478)
     (-3523.2741734451461 -1005.1081736595281 -2039.3656401159953
      -932.72056563622846 -1037.6956194944778 -260.47594357865586
      -457.0261957411426 273.859137012709 224.99501455201229
      771.3195100717046 770.83636806999471 1370.1878555043097
      4107.6235152358677 1736.8449112246089)
     (-4796.3780941831628 -1284.1630580518088 -2666.2937155224572
      -1142.6099973944429 -1374.5419372880003 -214.59748172424031
      -542.6223916431411 478.67714191495406 316.03918912254284
      1120.9364347523988 1138.2715878178078 1876.0180354766478
      1736.8449112246089 5354.4193754982825)))))
 ((pools
   ((number_of_pools 2) (teams_per_pool 7) (cycles_per_pool 1)
    (multibracket ((2 0) (2 1 0)))))
  ((samples 25000)
   (sums
    (9942.4427590264368 5435.0765362129478 7563.728168026636
     6542.3180050121246 3372.9373554638632 108.16236754890859
     603.56582868619284 -2151.8301148520077 -2256.9030587503421
     -4592.4142221288848 -4118.11386897627 -6400.763419946783
     -5918.4823502174122 -8129.72398510541))
   (prods
    ((10159.230101147739 -67.301009301864354 2057.6527853920593
      2025.9281626557181 594.68511216575985 -598.13775543231066
      -27.908108663632277 -1141.0113210432655 -1064.4363359864324
      -2008.1324933094736 -1725.1029610881824 -2603.3480354335193
      -2377.9196586225712 -3224.1984824799597)
     (-67.301009301864354 8164.9472212979681 1176.7287284070396
      671.80464261190127 -122.74904703796642 -846.06566314150621
      -362.00051032627545 -936.45499075959833 -807.13256038429233
      -1200.7805787173215 -1004.7726561746395 -1535.6743168785947
      -1294.4568523460443 -1836.0924072488174)
     (2057.6527853920593 1176.7287284070396 8913.7478710856012
      1447.0104331748598 149.90176768796994 -884.76050375412365
      -431.34579095328513 -1354.3686467052471 -1127.7280429023938
      -1769.8374799227677 -1477.4798253427032 -2154.7258381244251
      -1919.3495676695588 -2625.4458903730342)
     (2025.9281626557181 671.80464261190127 1447.0104331748598
      7911.5112236196073 440.44921538399223 -495.06530234509353
      -559.12927465742325 -1297.8108624204042 -1110.2648638188405
      -1736.455943947474 -1355.2957129480021 -1974.1576696025088
      -1722.1556894031739 -2246.3683583031543)
     (594.68511216575985 -122.74904703796642 149.90176768796994
      440.44921538399223 7329.6024024880408 -863.99596215855627
      -213.54554463023467 -689.35032234041012 -951.57486052363959
      -1298.1329108829586 -857.42378264748652 -1174.4882880876773
      -990.40011670315789 -1352.9776627136421)
     (-598.13775543231066 -846.06566314150621 -884.76050375412365
      -495.06530234509353 -863.99596215855627 6908.3012903499821
      -274.55298247505488 -356.08737233570218 -614.00014068809867
      -689.62457395426031 -400.36833176381657 -363.86320653059431
      -287.827074124353 -233.95242164651879)
     (-27.908108663632277 -362.00051032627545 -431.34579095328513
      -559.12927465742325 -213.54554463023467 -274.55298247505488
      5332.3629524598073 -724.34289201620379 -293.46662696831066
      -435.82631641660464 -556.02203658695157 -608.63512555602824
      -411.24506419010646 -434.34267901971356)
     (-1141.0113210432655 -936.45499075959833 -1354.3686467052471
      -1297.8108624204042 -689.35032234041012 -356.08737233570218
      -724.34289201620379 5626.165737515239 24.503122653437266
      183.16888498343516 -91.883686423021217 110.21769110188052
      231.12511530842616 416.12954248143177)
     (-1064.4363359864324 -807.13256038429233 -1127.7280429023938
      -1110.2648638188405 -951.57486052363959 -614.00014068809867
      -293.46662696831066 24.503122653437266 4919.03758538512
      14.893456842345854 132.34456894774226 315.357119171911
      179.44422274969193 383.0233555217323)
     (-2008.1324933094736 -1200.7805787173215 -1769.8374799227677
      -1736.455943947474 -1298.1329108829586 -689.62457395426031
      -435.82631641660464 183.16888498343516 14.893456842345854
      5526.7238452884967 607.546768545799 962.60374740292434
      727.08809615874156 1116.765497929121)
     (-1725.1029610881824 -1004.7726561746395 -1477.4798253427032
      -1355.2957129480021 -857.42378264748652 -400.36833176381657
      -556.02203658695157 -91.883686423021217 132.34456894774226
      607.546768545799 4173.6822224433117 674.83954668486763
      780.88711259619652 1099.0487737568399)
     (-2603.3480354335193 -1535.6743168785947 -2154.7258381244251
      -1974.1576696025088 -1174.4882880876773 -363.86320653059431
      -608.63512555602824 110.21769110188052 315.357119171911
      962.60374740292434 674.83954668486763 5162.5886078831863
      1327.5293206316387 1861.756447336971)
     (-2377.9196586225712 -1294.4568523460443 -1919.3495676695588
      -1722.1556894031739 -990.40011670315789 -287.827074124353
      -411.24506419010646 231.12511530842616 179.44422274969193
      727.08809615874156 780.88711259619652 1327.5293206316387
      4024.7781132910727 1732.5020423232027)
     (-3224.1984824799597 -1836.0924072488174 -2625.4458903730342
      -2246.3683583031543 -1352.9776627136421 -233.95242164651879
      -434.34267901971356 416.12954248143177 383.0233555217323
      1116.765497929121 1099.0487737568399 1861.756447336971
      1732.5020423232027 5344.1522424355517)))))
 ((pools
   ((number_of_pools 2) (teams_per_pool 7) (cycles_per_pool 1)
    (multibracket ((12 0 0)))))
  ((samples 16666)
   (sums
    (12475.765405099812 5199.608014560461 1100.6165610302855 4782.77180646092
     2344.6927793900718 -97.325817105234762 1375.9982250096866
     -277.02814077698048 -2063.4449459639845 -3629.6572943584306
     -5215.9496808999675 -6663.5350622906981 -3926.8921036210509
     -5405.6197465348705))
   (prods
    ((16498.225097807965 2259.1631064072617 -1140.6220306101015
      3042.232004466227 1274.3586257194654 -663.78220991246246
      691.06160831024988 -602.11623112656514 -1890.3009515884248
      -3007.758672713157 -4193.34067875505 -5264.556572312591
      -2957.0565102186852 -4045.5065854741047)
     (2259.1631064072617 8154.5504239505817 -890.13543891928464
      1112.7743014665004 203.56441775722993 -531.11649196482881
      -26.295173849925924 -423.10538103884494 -1020.4570018654859
      -1511.7224239726631 -1892.5232695120324 -2480.6472722040203
      -1266.2772064756914 -1687.7725897787993)
     (-1140.6220306101015 -890.13543891928464 6876.9253719599528
      -81.94872664649229 -317.40828224762112 -448.86248936876154
      -260.703595701097 -347.799924070843 -474.76858214514027
      -576.860090691867 -701.25943537834962 -846.87357482854281
      -314.39937973164865 -475.28382162022859)
     (3042.232004466227 1112.7743014665004 -81.94872664649229
      6163.7800983461548 300.78144456650381 -497.01134901735008
      21.71487047202459 -414.21197061079238 -944.57228433478042
      -1524.2216355310763 -1924.6182812756053 -2327.1328823818485
      -1256.5783694722161 -1670.9872200472437)
     (1274.3586257194654 203.56441775722993 -317.40828224762112
      300.78144456650381 5007.7601405627365 -397.95079587987027
      -109.78100442965224 -408.0552402550901 -666.92380186895275
      -841.46850260798271 -1160.5892839110729 -1311.6273744852269
      -702.07297007538443 -870.587372845108)
     (-663.78220991246246 -531.11649196482881 -448.86248936876154
      -497.01134901735008 -397.95079587987027 4755.2650073358791
      -332.77245052909075 -334.48953678873011 -346.80336591934042
      -359.52935956144296 -335.93397993281525 -315.67089222750366
      -88.2810283365591 -103.06105789716024)
     (691.06160831024988 -26.295173849925924 -260.703595701097
      21.71487047202459 -109.78100442965224 -332.77245052909075
      3986.9941533056572 -173.51003743461405 -383.6554702776902
      -580.45775865600172 -815.13355702648187 -866.91108543159828
      -509.32864307905294 -641.22185567275267)
     (-602.11623112656514 -423.10538103884494 -347.799924070843
      -414.21197061079238 -408.0552402550901 -334.48953678873011
      -173.51003743461405 3770.6991361079513 -135.94482415968974
      -175.00054938002268 -286.507651018754 -197.20827893312759
      -132.75492624336033 -139.99458504750839)
     (-1890.3009515884248 -1020.4570018654859 -474.76858214514027
      -944.57228433478042 -666.92380186895275 -346.80336591934042
      -383.6554702776902 -135.94482415968974 3956.28418359095
      207.45819929875194 417.69822029210275 498.773718599711
      321.29501030961887 461.91695006835636)
     (-3007.758672713157 -1511.7224239726631 -576.860090691867
      -1524.2216355310763 -841.46850260798271 -359.52935956144296
      -580.45775865600172 -175.00054938002268 207.45819929875194
      4547.234138910092 969.22233235256351 1241.4671072136075
      626.99541722871209 984.64179811050383)
     (-4193.34067875505 -1892.5232695120324 -701.25943537834962
      -1924.6182812756053 -1160.5892839110729 -335.93397993281525
      -815.13355702648187 -286.507651018754 417.69822029210275
      969.22233235256351 5388.208684116099 1986.2647340520716
      1057.180962976468 1491.331203020871)
     (-5264.556572312591 -2480.6472722040203 -846.87357482854281
      -2327.1328823818485 -1311.6273744852269 -315.67089222750366
      -866.91108543159828 -197.20827893312759 498.773718599711
      1241.4671072136075 1986.2647340520716 6399.1502970754736
      1467.7887203844273 2017.1833554791681)
     (-2957.0565102186852 -1266.2772064756914 -314.39937973164865
      -1256.5783694722161 -702.07297007538443 -88.2810283365591
      -509.32864307905294 -132.75492624336033 321.29501030961887
      626.99541722871209 1057.180962976468 1467.7887203844273
      2643.5451990190491 1109.9437237143516)
     (-4045.5065854741047 -1687.7725897787993 -475.28382162022859
      -1670.9872200472437 -870.587372845108 -103.06105789716024
      -641.22185567275267 -139.99458504750839 461.91695006835636
      984.64179811050383 1491.331203020871 2017.1833554791681
      1109.9437237143516 3569.3980579896638)))))
 ((pools
   ((number_of_pools 2) (teams_per_pool 7) (cycles_per_pool 1)
    (multibracket ((8 2 0)))))
  ((samples 16666)
   (sums
    (11608.786389223724 4556.4234746136608 154.46728357804815
     4113.8695735982556 1500.2949031050493 -610.547721127065
     1419.1696990625226 -412.18402315104561 -2128.825788322165
     -3695.6483469947152 -2844.9963060948226 -4219.8223676633324
     -4003.4784578048993 -5437.508312023273))
   (prods
    ((14910.363072082166 1359.4833273597342 -2037.3084715007756
      2242.1721085091694 520.11287567956151 -1015.2886334614519
      701.50534192054374 -479.61426973434931 -1748.809256135384
      -2786.0702292533392 -2037.7438399674004 -2998.4143163430444
      -2820.5852391661115 -3809.8024699892503)
     (1359.4833273597342 7443.3131618677826 -1290.9306461845563
      622.89237241312708 -246.58472524938458 -792.56723167570885
      119.75080270625547 -388.73565325519081 -805.79652653892867
      -1207.2899834633863 -874.284464413649 -1234.5722861690385
      -1154.6937168718582 -1549.984430525159)
     (-2037.3084715007756 -1290.9306461845563 6512.5155856144011
      -519.98017294476915 -535.09835562086437 -496.67613195435257
      -261.26538577427766 -305.44323407742019 -273.74268358563404
      -307.69101150689357 -180.89275616335149 -67.634427773338558
      -166.05108268541181 -69.801225842768943)
     (2242.1721085091694 622.89237241312708 -519.98017294476915
      5731.7678074081232 -95.439178847495484 -703.95667405246581
      25.043637866808236 -469.11598697548794 -869.85085027666219
      -1264.0935835738437 -867.42312471136609 -1256.8732604248557
      -1108.698082098801 -1466.445012291488)
     (520.11287567956151 -246.58472524938458 -535.09835562086437
      -95.439178847495484 4855.475339665 -506.52940562314285
      -105.65712543332259 -379.55056008399509 -602.14590421831542
      -747.40280492390036 -459.11821106254507 -577.47963716793515
      -496.00506158799993 -624.57724552564923)
     (-1015.2886334614519 -792.56723167570885 -496.67613195435257
      -703.95667405246581 -506.52940562314285 4646.604915420703
      -310.87270342437228 -288.17710843777974 -231.55481310847921
      -177.80852852823125 -147.92790662668466 -58.738011348098951
      24.641506160649307 58.850726659408714)
     (701.50534192054374 119.75080270625547 -261.26538577427766
      25.043637866808236 -105.65712543332259 -310.87270342437228
      3554.2504958187437 -192.4501871534967 -476.60717348852887
      -696.79282389028015 -490.34776369471996 -646.67309645475063
      -571.24874240687382 -648.63527659173417)
     (-479.61426973434931 -388.73565325519081 -305.44323407742019
      -469.11598697548794 -379.55056008399509 -288.17710843777974
      -192.4501871534967 3394.5233172685184 -179.65546009237465
      -169.24074454380926 -156.89896770221739 -162.30310485937326
      -100.15410301381455 -123.1839373391937)
     (-1748.809256135384 -805.79652653892867 -273.74268358563404
      -869.85085027666219 -602.14590421831542 -231.55481310847921
      -476.60717348852887 -179.65546009237465 3649.9743338218955
      282.73046041935129 174.96323793944231 270.97885576882351
      325.43765205755255 484.07812743723548)
     (-2786.0702292533392 -1207.2899834633863 -307.69101150689357
      -1264.0935835738437 -747.40280492390036 -177.80852852823125
      -696.79282389028015 -169.24074454380926 282.73046041935129
      4212.288053133293 463.58374668414405 705.98841315524078
      707.75521501365222 984.04382127801966)
     (-2037.7438399674004 -874.284464413649 -180.89275616335149
      -867.42312471136609 -459.11821106254507 -147.92790662668466
      -490.34776369471996 -156.89896770221739 174.96323793944231
      463.58374668414405 2814.1536404944832 474.348610916697 542.849690489909
      744.73810781723341)
     (-2998.4143163430444 -1234.5722861690385 -67.634427773338558
      -1256.8732604248557 -577.47963716793515 -58.738011348098951
      -646.67309645475063 -162.30310485937326 270.97885576882351
      705.98841315524078 474.348610916697 3381.627047589574 916.4468009193539
      1253.298412190748)
     (-2820.5852391661115 -1154.6937168718582 -166.05108268541181
      -1108.698082098801 -496.00506158799993 24.641506160649307
      -571.24874240687382 -100.15410301381455 325.43765205755255
      707.75521501365222 542.849690489909 916.4468009193539
      2750.0325326043489 1150.2726305854155)
     (-3809.8024699892503 -1549.984430525159 -69.801225842768943
      -1466.445012291488 -624.57724552564923 58.850726659408714
      -648.63527659173417 -123.1839373391937 484.07812743723548
      984.04382127801966 744.73810781723341 1253.298412190748
      1150.2726305854155 3617.1477721371816)))))
 ((pools
   ((number_of_pools 2) (teams_per_pool 7) (cycles_per_pool 1)
    (multibracket ((4 4 0)))))
  ((samples 16666)
   (sums
    (11505.122741949932 4196.8739095399051 30.050303878864796
     3834.9757963725883 1274.9411908876277 -888.481374648074
     1437.8104291079849 -477.80999075356681 -1457.2079725334738
     -3033.0124932151871 -2813.2785414308869 -4317.3233576043249
     -3928.0677212660739 -5364.592920285294))
   (prods
    ((14733.055683952447 1097.0839108582163 -2189.7925113580127
      1848.3949272070963 270.77676283298541 -1241.7892514269142
      837.04010491178065 -512.79807652524642 -1193.1419245269947
      -2182.3889414254177 -1980.0504099526911 -3003.9244703295835
      -2718.4238049911482 -3764.0419992265229)
     (1097.0839108582163 7045.2854745032764 -1293.0894641733444
      398.99699100345617 -353.03577053935987 -896.37248102008641
      128.58800256210264 -316.34690616797837 -562.749285494488
      -940.056849220617 -798.87328547217612 -1140.083806439236
      -1004.848425577784 -1364.4981048219395)
     (-2189.7925113580127 -1293.0894641733444 6419.8776131326522
      -469.02654711105089 -453.49453405429449 -542.09225518087089
      -337.71303557738776 -276.90271449541297 -206.70318714674437
      -239.91116231786123 -104.47197460437141 -155.85413689327891
      -96.286182913447831 -54.539907306558021)
     (1848.3949272070963 398.99699100345617 -469.02654711105089
      5581.2998422971168 -72.225280223793135 -702.359477169739
      70.983578785716716 -481.83278776661444 -685.9076932067486
      -1080.1077882772731 -888.43961529740579 -1227.2280082911816
      -992.03958805713944 -1300.5085538924557)
     (270.77676283298541 -353.03577053935987 -453.49453405429449
      -72.225280223793135 4652.4734955929916 -487.0818542168347
      -122.07551926508266 -344.82277321168704 -473.59046185139766
      -599.31738161414842 -475.3039442948803 -590.57229352454192
      -444.46815099339568 -507.26229463654545)
     (-1241.7892514269142 -896.37248102008641 -542.09225518087089
      -702.359477169739 -487.0818542168347 4701.5753732840521
      -318.03449665400939 -250.50233266843384 -195.89071971311461
      -147.77402232915213 -93.554053039589036 -13.826959418746648
      83.383204210629529 104.31932534279633)
     (837.04010491178065 128.58800256210264 -337.71303557738776
      70.983578785716716 -122.07551926508266 -318.03449665400939
      3343.06774834741 -317.24478366119428 -378.27017259103189
