(((pools
   ((number_of_pools 1) (teams_per_pool 4) (cycles_per_pool 1)
    (multibracket ((2 0)))))
  ((samples 55333)
   (sums
    (16448.490288462021 7500.788121455992 -7994.752146268208
     -15954.526263649816))
   (prods
    ((15090.511910709698 -2253.7295199427458 -6574.1343690981848
      -6262.6480216687651)
     (-2253.7295199427458 12892.221736247642 -4761.5649002653208
      -5876.9273160395715)
     (-6574.1343690981848 -4761.5649002653208 11871.145892882243
      -535.44662351875741)
     (-6262.6480216687651 -5876.9273160395715 -535.44662351875741
      12675.021961227096)))))
 ((pools
   ((number_of_pools 1) (teams_per_pool 4) (cycles_per_pool 1)
    (multibracket ((1)))))
  ((samples 52000)
   (sums
    (17698.727563489691 4808.1095837219646 -7522.0993819857513
     -14984.737765225913))
   (prods
    ((17376.582834926834 -3471.3163600268845 -7932.864747546937
      -5972.401727353038)
     (-3471.3163600268845 11619.682580244731 -2718.771299660335
      -5429.5949205575143)
     (-7932.864747546937 -2718.771299660335 11162.483181332254
      -510.8471341250052)
     (-5972.401727353038 -5429.5949205575143 -510.8471341250052
      11912.843782035558)))))
 ((pools
   ((number_of_pools 1) (teams_per_pool 4) (cycles_per_pool 1)
    (multibracket ((4 0)))))
  ((samples 204333)
   (sums
    (101064.03982922064 -12164.48178609256 -14740.946170108513
     -74158.611873019559))
   (prods
    ((116931.84065694432 -48614.5576189429 -19907.4439134588
      -48409.8391245426)
     (-48614.5576189429 68378.9237741873 -10930.543900079174
      -8833.822255165187)
     (-19907.4439134588 -10930.543900079174 40860.687434499829
      -10022.699620961845)
     (-48409.8391245426 -8833.822255165187 -10022.699620961845
      67266.361000669611)))))
 ((pools
   ((number_of_pools 1) (teams_per_pool 4) (cycles_per_pool 1)
    (multibracket ((2)))))
  ((samples 204333)
   (sums
    (100644.14123975509 -11658.773141951124 -29214.3353730715
     -59771.032724732511))
   (prods
    ((115798.81798168836 -47627.437023027131 -29619.562219196272
      -38551.818739464994)
     (-47627.437023027131 67208.155997178386 -12258.165698325723
      -7322.5532758255431)
     (-29619.562219196272 -12258.165698325723 43755.037214083277
      -1877.3092965613077)
     (-38551.818739464994 -7322.5532758255431 -1877.3092965613077
      47751.681311851848)))))
 ((pools
   ((number_of_pools 1) (teams_per_pool 4) (cycles_per_pool 1)
    (multibracket ((1) (2 0)))))
  ((samples 365166)
   (sums
    (125572.22744760955 9919.335118868 -28638.233096337521
     -106853.32947014002))
   (prods
    ((124478.02987000078 -45191.160186735571 -35163.613874589319
      -44123.25580867588)
     (-45191.160186735571 83454.426257464744 -11420.162072538751
      -26843.103998190418)
     (-35163.613874589319 -11420.162072538751 61132.36369492441
      -14548.587747796366)
     (-44123.25580867588 -26843.103998190418 -14548.587747796366
      85514.947554662664)))))
 ((pools
   ((number_of_pools 1) (teams_per_pool 4) (cycles_per_pool 1)
    (multibracket ((3)))))
  ((samples 145000)
   (sums
    (85179.73629625373 4780.0143390309813 -47572.237951875875
     -42387.512683408837))
   (prods
    ((104854.97188761347 -19315.681112174778 -53810.866783026133
      -31728.423992412489)
     (-19315.681112174778 46391.87182864474 -17787.228125353384
      -9288.9625911165313)
     (-53810.866783026133 -17787.228125353384 64584.808914623733
      7013.2859937558214)
     (-31728.423992412489 -9288.9625911165313 7013.2859937558214
      34004.1005897732)))))
 ((pools
   ((number_of_pools 1) (teams_per_pool 4) (cycles_per_pool 1)
    (multibracket ((2) (2 0)))))
  ((samples 206666)
   (sums
    (102363.24002954028 -12253.939230863056 -38697.229180472532
     -51412.071618204733))
   (prods
    ((117872.91429252263 -48614.375537947606 -37028.287086748584
      -32230.251667826324)
     (-48614.375537947606 68358.329864190338 -14010.488228726925
      -5733.4660975158013)
     (-37028.287086748584 -14010.488228726925 50183.0586570832
      855.71665839237733)
     (-32230.251667826324 -5733.4660975158013 855.71665839237733
      37108.001106949741)))))
 ((pools
   ((number_of_pools 1) (teams_per_pool 4) (cycles_per_pool 1)
    (multibracket ((2 0) (1)))))
  ((samples 158333)
   (sums
    (47341.443380004181 21691.174154209119 -22689.206754226212
     -46343.410779987047))
   (prods
    ((43518.912403931841 -6218.71009757438 -18753.616229543055
      -18546.586076814405)
     (-6218.71009757438 37096.669341578 -13601.182419843566
      -17276.776824160082)
     (-18753.616229543055 -13601.182419843566 33712.211274260277
      -1357.4126248736552)
     (-18546.586076814405 -17276.776824160082 -1357.4126248736552
      37180.775525848156)))))
 ((pools
   ((number_of_pools 1) (teams_per_pool 4) (cycles_per_pool 1)
    (multibracket ((1) (1)))))
  ((samples 153333)
   (sums
    (52726.47789255713 14099.312448647755 -21955.249233974038
     -44870.541107230827))
   (prods
    ((52216.479836893974 -10363.133607458776 -23275.008895175582
      -18578.337334259555)
     (-10363.133607458776 34524.319608865975 -8032.0101784399476
      -16129.175822967249)
     (-23275.008895175582 -8032.0101784399476 32611.353735386994
      -1304.3346617714342)
     (-18578.337334259555 -16129.175822967249 -1304.3346617714342
      36011.847818998249)))))
 ((pools
   ((number_of_pools 1) (teams_per_pool 4) (cycles_per_pool 1)
    (multibracket ((2 0) (2)))))
  ((samples 202500)
   (sums
    (60580.813607254473 35430.391271563145 -37117.417019003384
     -58893.787859814205))
   (prods
    ((55610.965574806 -5734.0170982871214 -26386.370785764542
      -23490.577690754388)
     (-5734.0170982871214 53548.060480488668 -24929.853097322488
      -22884.190284879074)
     (-26386.370785764542 -24929.853097322488 51988.114224265511
      -671.89034117853839)
     (-23490.577690754388 -22884.190284879074 -671.89034117853839
      47046.658316811991)))))
 ((pools
   ((number_of_pools 1) (teams_per_pool 4) (cycles_per_pool 1)
    (multibracket ((2 0) (1) (2 0)))))
  ((samples 213333)
   (sums
    (63831.312643378187 29015.556861819983 -39911.177470352275
     -52935.692034845822))
   (prods
    ((58561.654414863406 -8472.787004137057 -29066.985128320834
      -21021.882282405539)
     (-8472.787004137057 49885.911440835087 -23440.832424211563
      -17972.292012486509)
     (-29066.985128320834 -23440.832424211563 51584.84671421141
      922.97083832097439)
     (-21021.882282405539 -17972.292012486509 922.97083832097439
      38071.203456571078)))))
 ((pools
   ((number_of_pools 1) (teams_per_pool 4) (cycles_per_pool 1)
    (multibracket ((1) (2)))))
  ((samples 202500)
   (sums
    (69598.76433116167 30931.595872621507 -41636.572343968983
     -58893.787859814205))
   (prods
    ((68798.006742991085 -9696.9866327576274 -34929.716417240095
      -24171.303692993413)
     (-9696.9866327576274 52630.47743667358 -20396.321859822528
      -22537.168944093435)
     (-34929.716417240095 -20396.321859822528 55664.223956787704
      -338.18567972516183)
     (-24171.303692993413 -22537.168944093435 -338.18567972516183
      47046.658316811991)))))
 ((pools
   ((number_of_pools 1) (teams_per_pool 4) (cycles_per_pool 1)
    (multibracket ((1) (1) (2 0)))))
  ((samples 202500)
   (sums
    (69598.76433116167 18481.052225410771 -37897.004659506318
     -50182.811897066073))
   (prods
    ((68798.006742991085 -13714.093248252128 -32530.216660631446
      -22553.696834107523)
     (-13714.093248252128 45466.610259297056 -17357.885098721032
      -14394.631912323937)
     (-32530.216660631446 -17357.885098721032 49015.405215673789
      872.69654367869555)
     (-22553.696834107523 -14394.631912323937 872.69654367869555
      36075.632202752779)))))
 ((pools
   ((number_of_pools 1) (teams_per_pool 4) (cycles_per_pool 1)
    (multibracket ((2) (1)))))
  ((samples 53333)
   (sums
    (26707.171467664179 -3542.3497162309 -7456.9168463928654
     -15707.9049050404))
   (prods
    ((30920.059925639027 -12968.538626112233 -7618.195346873852
      -10333.325952652956)
     (-12968.538626112233 17850.519604377288 -3109.1336704072928
      -1772.847307857799)
     (-7618.195346873852 -3109.1336704072928 11273.686727043689
      -546.35770976253264)
     (-10333.325952652956 -1772.847307857799 -546.35770976253264
      12652.530970273254)))))
 ((pools
   ((number_of_pools 1) (teams_per_pool 4) (cycles_per_pool 1)
    (multibracket ((1) (2 0) (1)))))
  ((samples 58333)
   (sums
    (20177.68314708622 1628.6476506177046 -4610.0334252746134
     -17196.29737242933))
   (prods
    ((20020.409478089456 -7246.0955761936139 -5617.8934195324473
      -7156.4204823633945)
     (-7246.0955761936139 13483.343101822595 -1909.9992715408412
      -4327.2482540881247)
     (-5617.8934195324473 -1909.9992715408412 9881.7109716676514
      -2353.8182805943461)
     (-7156.4204823633945 -4327.2482540881247 -2353.8182805943461
      13837.487017045843)))))
 ((pools
   ((number_of_pools 1) (teams_per_pool 4) (cycles_per_pool 1)
    (multibracket ((2 0) (1) (1)))))
  ((samples 8333)
   (sums
    (2474.9345148244111 1176.4451921349578 -1188.882645322072
     -2462.4970616372989))
   (prods
    ((2237.9626648693284 -330.25670994516526 -952.10804730901987
      -955.59790761514364)
     (-330.25670994516526 1986.6229745775186 -754.53682261740073
      -901.82944201494684)
     (-952.10804730901987 -754.53682261740073 1795.0542176747101
      -88.4093477482871)
     (-955.59790761514364 -901.82944201494684 -88.4093477482871
      1945.8366973783754)))))
 ((pools
   ((number_of_pools 1) (teams_per_pool 4) (cycles_per_pool 1)
    (multibracket ((1) (1) (1)))))
  ((samples 3333)
   (sums
    (1104.4839420731303 345.702166099315 -454.18443474616441
     -996.00167342628049))
   (prods
    ((1082.4220979964543 -235.1225580743791 -465.06707015978083
      -382.23246976229279)
     (-235.1225580743791 790.506150485368 -179.79182074990388
      -375.59177166108446)
     (-465.06707015978083 -179.79182074990388 686.37385179628586
      -41.514960886602012)
     (-382.23246976229279 -375.59177166108446 -41.514960886602012
      799.3392023099791)))))
 ((pools
   ((number_of_pools 1) (teams_per_pool 4) (cycles_per_pool 1)
    (multibracket ((4 0 0)))))
  ((samples 50333)
   (sums
    (14799.593533701067 7075.9927370175228 -3767.3236556372317
     -18108.262615081385))
   (prods
    ((13742.503246159842 -2076.8225618432098 -3828.0005850795696
      -7837.6800992370754)
     (-2076.8225618432098 12028.047432148018 -3807.3229116603679
      -6143.9019586444429)
     (-3828.0005850795696 -3807.3229116603679 10008.60324376937
      -2373.2797470294436)
     (-7837.6800992370754 -6143.9019586444429 -2373.2797470294436
      16354.861804910965)))))
 ((pools
   ((number_of_pools 1) (teams_per_pool 4) (cycles_per_pool 1)
    (multibracket ((2 1 0)))))
  ((samples 60333)
   (sums
    (15536.736955658451 6668.4247532086774 -4774.6722915355613
     -17430.489417331592))
   (prods
    ((13626.555854210254 -3942.6261843927218 -3537.6968645245356
      -6146.2328052929915)
     (-3942.6261843927218 13327.427408368167 -4126.5944192794159
      -5258.2068046960358)
     (-3537.6968645245356 -4126.5944192794159 10092.953929454636
      -2428.6626456506933)
     (-6146.2328052929915 -5258.2068046960358 -2428.6626456506933
      13833.102255639718)))))
 ((pools
   ((number_of_pools 1) (teams_per_pool 4) (cycles_per_pool 1)
    (multibracket ((2 0) (2 1 0)))))
  ((samples 371833)
   (sums
    (111050.14180043222 5406.13435399721 -23775.826979868492
     -92680.449174560883))
   (prods
    ((101961.15891023815 -41061.204187013333 -23807.72779915655
      -37092.226924068353)
     (-41061.204187013333 77878.931333464876 -20363.493687573122
      -16454.233458878458)
     (-23807.72779915655 -20363.493687573122 57411.3475487766
      -13240.126062046929)
     (-37092.226924068353 -16454.233458878458 -13240.126062046929
      66786.586444993722)))))
 ((pools
   ((number_of_pools 1) (teams_per_pool 4) (cycles_per_pool 1)
    (multibracket ((2 0) (2 0)))))
  ((samples 359333)
   (sums
    (107278.56612880851 15550.341587413481 -17672.821881681597
     -105156.08583454041))
   (prods
    ((98527.879542092443 -36266.423000947361 -20359.453509337036
      -41902.003031808075)
     (-36266.423000947361 79939.02744481129 -17059.093961073911
      -26613.510482790069)
     (-20359.453509337036 -17059.093961073911 53070.728044149873
      -15652.180573738902)
     (-41902.003031808075 -26613.510482790069 -15652.180573738902
      84167.694088337055)))))
 ((pools
   ((number_of_pools 1) (teams_per_pool 4) (cycles_per_pool 1)
    (multibracket ((1) (2 1 0)))))
  ((samples 353500)
   (sums
    (121616.08988905529 -2185.3687733164184 -31404.100264590703
     -88026.620851148124))
   (prods
    ((120597.97603113155 -46604.649371545675 -34391.975614179122
      -39601.351045406707)
     (-46604.649371545675 75541.567175440068 -15656.09777631884
      -13280.820027575544)
     (-34391.975614179122 -15656.09777631884 60549.839985927429
      -10501.766595429486)
     (-39601.351045406707 -13280.820027575544 -10501.766595429486
      63383.937668411738)))))
 ((pools
   ((number_of_pools 1) (teams_per_pool 4) (cycles_per_pool 1)
    (multibracket ((4 0) (2 0)))))
  ((samples 195333)
   (sums
    (97031.955794333218 -12049.977627645547 -37450.510418976934
     -47531.467747710783))
   (prods
    ((112432.95335893525 -46876.986243232655 -35650.646441946752
      -29905.320673755748)
     (-46876.986243232655 65425.636500240704 -13260.484288858941
      -5288.1659681491365)
     (-35650.646441946752 -13260.484288858941 48882.994287578906
      28.136443226851391)
     (-29905.320673755748 -5288.1659681491365 28.136443226851391
      35165.350198678039)))))
 ((pools
   ((number_of_pools 1) (teams_per_pool 4) (cycles_per_pool 1)
    (multibracket ((1) (2 0) (2 0)))))
  ((samples 397833)
   (sums
    (137005.11483345536 10570.726458833135 -59113.441344522253
     -88462.399947766229))
   (prods
    ((135673.775793308 -49345.700550856462 -46352.567837473049
      -39975.507404978576)
     (-49345.700550856462 91324.921403507309 -27043.247379892633
      -14935.973472758244)
     (-46352.567837473049 -27043.247379892633 79525.695090956826
      -6129.8798735911369)
     (-39975.507404978576 -14935.973472758244 -6129.8798735911369
      61041.360751327957)))))
 ((pools
   ((number_of_pools 1) (teams_per_pool 4) (cycles_per_pool 1)
    (multibracket ((4 0 0) (1)))))
  ((samples 152500)
   (sums
    (44874.86154591119 21291.597632031058 -10880.404057624266
     -55286.055120317942))
   (prods
    ((41956.716503352778 -6412.7605263126061 -11295.654578224157
      -24248.301398816002)
     (-6412.7605263126061 36364.098792723824 -11419.793551408666
      -18531.544715002572)
     (-11295.654578224157 -11419.793551408666 30194.800825067276
      -7479.3526954344343)
     (-24248.301398816002 -18531.544715002572 -7479.3526954344343
      50259.198809253052)))))
 ((pools
   ((number_of_pools 1) (teams_per_pool 4) (cycles_per_pool 1)
    (multibracket ((2 1 0) (1)))))
  ((samples 165833)
   (sums
    (42916.506872238177 18697.189779492262 -13010.041992452372
     -48603.654659278029))
   (prods
    ((37741.938461760932 -10466.143356387176 -9726.6080307925768
      -17549.187074581183)
     (-10466.143356387176 36715.205754889736 -11436.475268778482
      -14812.58712972407)
     (-9726.6080307925768 -11436.475268778482 27782.176964936312
      -6619.093665365227)
     (-17549.187074581183 -14812.58712972407 -6619.093665365227
      38980.867869670496)))))
 ((pools
   ((number_of_pools 1) (teams_per_pool 4) (cycles_per_pool 1)
    (multibracket ((4 0 0) (1) (2 0)))))
  ((samples 202500)
   (sums
    (59574.130955163339 28557.4494085501 -38793.431883645782
     -49338.148480067663))
   (prods
    ((55584.1060104288 -8057.0229148285543 -27864.171975927758
      -19662.911119672532)
     (-8057.0229148285543 48184.915748054205 -23253.27206860399
      -16874.620764621664)
     (-27864.171975927758 -23253.27206860399 50893.773216187896
      223.6708283438517)
     (-19662.911119672532 -16874.620764621664 223.6708283438517
      36313.86105595035)))))
 ((pools
   ((number_of_pools 1) (teams_per_pool 4) (cycles_per_pool 1)
    (multibracket ((2 1 0) (2)))))
  ((samples 202500)
   (sums
    (52462.94425610514 39588.08882644229 -33120.431133216684
     -58930.601949330718))
   (prods
    ((46208.999287014092 -3372.1321754625847 -21509.643872902474
      -21327.223238649043)
     (-3372.1321754625847 51525.852742431125 -24195.079771379631
      -23958.640795588915)
     (-21509.643872902474 -24195.079771379631 47526.666976260953
      -1821.9433319788691)
     (-21327.223238649043 -23958.640795588915 -1821.9433319788691
      47107.807366216817)))))
 ((pools
   ((number_of_pools 1) (teams_per_pool 4) (cycles_per_pool 1)
    (multibracket ((2 1 0) (1) (2 0)))))
  ((samples 310833)
   (sums
    (80425.648428274246 34809.245009758386 -46055.309676558078
     -69179.583761474511))
   (prods
    ((70830.101009289865 -19634.027207271371 -28023.209012704334
      -23172.864789314172)
     (-19634.027207271371 68620.005029665015 -29231.149692105129
      -19754.828130288515)
     (-28023.209012704334 -29231.149692105129 62027.452498861006
      -4773.0937940515478)
     (-23172.864789314172 -19754.828130288515 -4773.0937940515478
      47700.786713654255)))))
 ((pools
   ((number_of_pools 1) (teams_per_pool 4) (cycles_per_pool 1)
    (multibracket ((2 0) (2 1 0) (1)))))
  ((samples 167500)
   (sums
    (49919.8473236578 2368.2355031041279 -10683.342245815142
     -41604.740580946775))
   (prods
    ((45826.849443201245 -18589.845910384043 -10704.302153760373
      -16532.701379056845)
     (-18589.845910384043 35219.49295227549 -9155.0344976513334
      -7474.6125442401008)
     (-10704.302153760373 -9155.0344976513334 25817.511836102047
      -5958.1751846903235)
     (-16532.701379056845 -7474.6125442401008 -5958.1751846903235
      29965.489107987276)))))
 ((pools
   ((number_of_pools 1) (teams_per_pool 4) (cycles_per_pool 1)
    (multibracket ((2 0) (2 0) (1)))))
  ((samples 52500)
   (sums
    (15732.678182834863 2188.6858867127517 -2484.5982127732841
     -15436.76585677436))
   (prods
    ((14479.083044113362 -5362.9118402126787 -2941.0119934289914
      -6175.1592104717138)
     (-5362.9118402126787 11747.01456601314 -2477.8680825788219
      -3906.2346432216409)
     (-2941.0119934289914 -2477.8680825788219 7743.7363764646034
      -2324.8563004567745)
     (-6175.1592104717138 -3906.2346432216409 -2324.8563004567745
      12406.250154150102)))))
 ((pools
   ((number_of_pools 1) (teams_per_pool 4) (cycles_per_pool 1)
    (multibracket ((1) (2 1 0) (1)))))
  ((samples 57500)
   (sums
    (19879.025664662626 -465.37799511647029 -5143.6397220420131
     -14270.007947504138))
   (prods
    ((19719.063399798266 -7651.3755585637537 -5664.1971947288257
      -6403.4906465056847)
     (-7651.3755585637537 12364.930698636961 -2512.4802959045824
      -2201.0748441686164)
     (-5664.1971947288257 -2512.4802959045824 9848.1288739488828
      -1671.4513833154549)
     (-6403.4906465056847 -2201.0748441686164 -1671.4513833154549
      10276.016873989771)))))
 ((pools
   ((number_of_pools 1) (teams_per_pool 4) (cycles_per_pool 1)
    (multibracket ((2 1 0) (1) (1)))))
  ((samples 5000)
   (sums
    (1270.640271570315 596.54579473171987 -456.8527806805912
     -1410.3332856214436))
   (prods
    ((1101.8950865244769 -284.97162832104539 -337.69130430161226
      -479.23215390182031)
     (-284.97162832104539 1097.1984092969326 -329.44084797877963
      -482.78593299710542)
     (-337.69130430161226 -329.44084797877963 831.906522861023
      -164.77437058063006)
     (-479.23215390182031 -482.78593299710542 -164.77437058063006
      1126.7924574795531)))))
 ((pools
   ((number_of_pools 1) (teams_per_pool 4) (cycles_per_pool 1)
    (multibracket ((2 1 1 0)))))
  ((samples 10000)
   (sums
    (2552.9350276346613 808.83279541949707 -889.4050564405868
     -2472.3627666135753))
   (prods
    ((2203.7057330613807 -670.29492357150139 -663.76442712590335
      -869.646382363974)
     (-670.29492357150139 2023.1035264612829 -757.24336088239636
      -595.56524200738727)
     (-663.76442712590335 -757.24336088239636 1728.0211993172197
      -307.0134113089224)
     (-869.646382363974 -595.56524200738727 -307.0134113089224
      1772.2250356802845)))))
 ((pools
   ((number_of_pools 1) (teams_per_pool 4) (cycles_per_pool 1)
    (multibracket ((4 0 0) (2 1 0)))))
  ((samples 2500)
   (sums
    (728.16180216042426 54.234679445092695 -149.33688217404341
     -633.05959943147434))
   (prods
    ((670.91178761707954 -261.22737464509993 -156.49216575880013
      -253.19224721317957)
     (-261.22737464509993 518.31199446808807 -132.58378696607866
      -124.50083285691016)
     (-156.49216575880013 -132.58378696607866 377.78770750828915
      -88.711754783409717)
     (-253.19224721317957 -124.50083285691016 -88.711754783409717
      466.4048348535)))))
 ((pools
   ((number_of_pools 1) (teams_per_pool 4) (cycles_per_pool 1)
    (multibracket ((2 1 0) (2 1 0)))))
  ((samples 15833)
   (sums
    (4185.9601455630482 427.15121219529362 -1133.9056575500338
     -3479.2057002083066))
   (prods
    ((3720.5979890139047 -1526.0567664423463 -989.182301755418
      -1205.358920816142)
     (-1526.0567664423463 3031.8356258130439 -803.962429302481
      -701.81643006821173)
     (-989.182301755418 -803.962429302481 2278.411614332781
      -485.26688327488245)
     (-1205.358920816142 -701.81643006821173 -485.26688327488245
      2392.4422341592331)))))
 ((pools
   ((number_of_pools 1) (teams_per_pool 4) (cycles_per_pool 1)
    (multibracket ((2 1 0) (2 0)))))
  ((samples 7500)
   (sums
    (1956.561658930859 499.27646059371955 -321.59193827309554
     -2134.2461812514857))
   (prods
    ((1731.25260587145 -588.04813312373085 -338.3529671546475
      -804.85150559307169)
     (-588.04813312373085 1485.783976473374 -358.25774875162836
      -539.47809459801476)
     (-338.3529671546475 -358.25774875162836 1042.1200892943991
      -345.50937338812452)
     (-804.85150559307169 -539.47809459801476 -345.50937338812452
      1689.8389735792093)))))
 ((pools
   ((number_of_pools 1) (teams_per_pool 4) (cycles_per_pool 1)
    (multibracket ((2 0) (2 1 0) (2 0)))))
  ((samples 20333)
   (sums
    (6135.7971660137537 334.26650270329719 -2216.3932882173508
     -4253.6703804996987))
   (prods
    ((5661.2545956406766 -2220.1414485115592 -1736.9805805161946
      -1704.1325666129203)
     (-2220.1414485115592 4279.8807756667957 -1358.425288626612
      -701.31403852862013)
     (-1736.9805805161946 -1358.425288626612 3467.16818652472
      -371.76231738191478)
     (-1704.1325666129203 -701.31403852862013 -371.76231738191478
      2777.2089225234527)))))
 ((pools
   ((number_of_pools 1) (teams_per_pool 4) (cycles_per_pool 1)
    (multibracket ((2 0) (2 0) (2 0)))))
  ((samples 10333)
   (sums
    (3106.7325885199157 448.62779915428422 -1304.7509754020448
     -2250.6094122721561))
   (prods
    ((2863.6908643905863 -1058.8587701770984 -940.66714931865408
      -864.16494489483352)
     (-1058.8587701770984 2345.2454708650766 -797.27741536467306
      -489.10928532330632)
     (-940.66714931865408 -797.27741536467306 1905.2539911919828
      -167.30942650865546)
     (-864.16494489483352 -489.10928532330632 -167.30942650865546
      1520.5836567267952)))))
 ((pools
   ((number_of_pools 1) (teams_per_pool 4) (cycles_per_pool 1)
    (multibracket ((1) (2 1 0) (2 0)))))
  ((samples 10333)
   (sums
    (3573.9453554610773 -91.724730668275683 -1256.7969712451229
     -2225.4236535476775))
   (prods
    ((3536.8789485637753 -1374.2410720649077 -1123.976096953314
      -1038.6617795455475)
     (-1374.2410720649077 2187.0537686238158 -553.76857261135751
      -259.04412394754803)
     (-1123.976096953314 -553.76857261135751 1849.5204092660383
      -171.77573970136621)
     (-1038.6617795455475 -259.04412394754803 -171.77573970136621
      1469.4816431944603)))))
 ((pools
   ((number_of_pools 1) (teams_per_pool 4) (cycles_per_pool 1)
    (multibracket ((2 1 1 0) (1)))))
  ((samples 5000)
   (sums
    (1268.4232575019603 431.32364034382567 -450.012779453588
     -1249.7341183921951))
   (prods
    ((1104.8743993544035 -336.51829686350732 -341.59678675419377
      -426.75931573670442)
     (-336.51829686350732 1061.5708537932123 -414.45565161170271
      -310.59690531799987)
     (-341.59678675419377 -414.45565161170271 918.25147268178671
      -162.19903431589196)
     (-426.75931573670442 -310.59690531799987 -162.19903431589196
      899.55525537059623)))))
 ((pools
   ((number_of_pools 1) (teams_per_pool 4) (cycles_per_pool 1)
    (multibracket ((2 1 1 0) (2)))))
  ((samples 3333)
   (sums
    (825.3764061672581 581.442634080277 -593.16310506645152
     -813.65593518108619))
   (prods
    ((684.77173708599082 -77.90252500637277 -334.76474218073452
      -272.10446989888243)
     (-77.90252500637277 801.74104465497135 -442.032085422122
      -281.80643422647665)
     (-334.76474218073452 -442.032085422122 799.67230866017724
      -22.875481057321021)
     (-272.10446989888243 -281.80643422647665 -22.875481057321021
      576.78638518267951)))))
 ((pools
   ((number_of_pools 1) (teams_per_pool 4) (cycles_per_pool 1)
    (multibracket ((2 1 1 0) (1) (2 0)))))
  ((samples 41666)
   (sums
    (10436.877691608781 3472.4790083532785 -4990.4283730233092
     -8918.9283269387415))
   (prods
    ((8939.1249781116221 -2764.3182104233883 -3243.3556128728683
      -2931.4511548153669)
     (-2764.3182104233883 8511.0727422126311 -3413.3319200531269
      -2333.4226117361186)
     (-3243.3556128728683 -3413.3319200531269 7411.7134656353937
      -755.02593270939678)
     (-2931.4511548153669 -2333.4226117361186 -755.02593270939678
      6019.89969926088)))))
 ((pools
   ((number_of_pools 1) (teams_per_pool 4) (cycles_per_pool 1)
    (multibracket ((4 0 0) (2 1 0) (1)))))
  ((samples 2500)
   (sums
    (744.19675851611726 27.423652169981917 -159.99413822717406
     -611.62627245892452))
   (prods
    ((715.63985860459911 -300.12698563090532 -172.61910592357395
      -242.89376705011924)
     (-300.12698563090532 559.53686153717081 -134.98436131621096
      -124.4255145900545)
     (-172.61910592357395 -134.98436131621096 389.95737436729024
      -82.353907127506062)
     (-242.89376705011924 -124.4255145900545 -82.353907127506062
      449.67318876767888)))))
 ((pools
   ((number_of_pools 1) (teams_per_pool 4) (cycles_per_pool 1)
    (multibracket ((2 1 0) (2 1 0) (1)))))
  ((samples 10833)
   (sums
    (2763.1814856009632 364.93083549575442 -690.7783799244296
     -2437.3339411722827))
   (prods
    ((2417.1294746638951 -969.67503929287807 -636.775394897129
      -810.67904047388265)
     (-969.67503929287807 2020.5050865862891 -557.18352376305438
      -493.64652353035763)
     (-636.775394897129 -557.18352376305438 1597.1858792957835
      -403.2269606356009)
     (-810.67904047388265 -493.64652353035763 -403.2269606356009
      1707.5525246398427)))))
 ((pools
   ((number_of_pools 1) (teams_per_pool 4) (cycles_per_pool 1)
    (multibracket ((2 1 0) (2 0) (1)))))
  ((samples 2500)
   (sums
    (649.68055800977072 120.76511628005385 -103.93090186988611
     -666.51477241993609))
   (prods
    ((587.31275973235074 -229.16954551078842 -115.90466602723195
      -242.23854819432984)
     (-229.16954551078842 502.77358613451827 -114.90680206581479
      -158.69723855791523)
     (-115.90466602723195 -114.90680206581479 343.00230237200907
      -112.19083427896295)
     (-242.23854819432984 -158.69723855791523 -112.19083427896295
      513.12662103120817)))))
 ((pools
   ((number_of_pools 1) (teams_per_pool 4) (cycles_per_pool 1)
    (multibracket ((2 1 1 0) (1) (1)))))
  ((samples 3333)
   (sums
    (814.672721621095 304.31988930040848 -311.42528456496007
     -807.56732635654214))
   (prods
    ((689.736299818141 -196.90055079995039 -219.055536833154
      -273.78021218503568)
     (-196.90055079995039 663.74373394027953 -254.12648588360608
      -212.71669725672109)
     (-219.055536833154 -254.12648588360608 566.88099503947558
      -93.698972322714368)
     (-273.78021218503568 -212.71669725672109 -93.698972322714368
      580.19588176447223)))))
 ((pools
   ((number_of_pools 1) (teams_per_pool 4) (cycles_per_pool 1)
    (multibracket ((2 1 1 0) (2 1 0)))))
  ((samples 8333)
   (sums
    (2120.0294102907342 201.10515521530783 -547.55258103430037
     -1773.5819844717428))
   (prods
    ((1852.2447134503459 -807.61688597670673 -464.3644045943438
      -580.26342287929322)
     (-807.61688597670673 1572.5551728763494 -437.36054416008324
      -327.57774273956204)
     (-464.3644045943438 -437.36054416008324 1175.1108368383752
      -273.38588808394957)
     (-580.26342287929322 -327.57774273956204 -273.38588808394957
      1181.2270537028048)))))
 ((pools
   ((number_of_pools 1) (teams_per_pool 4) (cycles_per_pool 1)
    (multibracket ((2 1 1 0) (2 0)))))
  ((samples 8333)
   (sums
    (2120.0294102907342 390.33921554253777 -434.51045133293462
     -2075.8581745003357))
   (prods
    ((1852.2447134503459 -723.617505436983 -431.72483370850449
      -696.90237430485661)
     (-723.617505436983 1622.5536484157 -432.27976644662681
      -466.65637653209325)
     (-431.72483370850449 -432.27976644662681 1205.0242125436625
      -341.01961238853181)
     (-696.90237430485661 -466.65637653209325 -341.01961238853181
      1504.5783632254811)))))
 ((pools
   ((number_of_pools 1) (teams_per_pool 4) (cycles_per_pool 1)
    (multibracket ((4 0 0) (2 1 0) (2 0)))))
  ((samples 48333)
   (sums
    (14227.821780329439 785.67012644288332 -5268.9488339166383
     -9744.5430728556785))
   (prods
    ((13228.076610699129 -5392.6117185948933 -4015.4379683674288
      -3820.0269237368052)
     (-5392.6117185948933 10093.412255956366 -3087.6361426538333
      -1613.1643947076377)
     (-4015.4379683674288 -3087.6361426538333 8129.1033811019543
      -1026.0292700806915)
     (-3820.0269237368052 -1613.1643947076377 -1026.0292700806915
      6459.2205885251333)))))
 ((pools
   ((number_of_pools 1) (teams_per_pool 4) (cycles_per_pool 1)
    (multibracket ((2 1 0) (2 1 0) (2 0)))))
  ((samples 166666)
   (sums
    (43132.14686553651 5272.2963237216445 -15418.345530977886
     -32986.0976582803))
   (prods
    ((37753.550349104087 -15462.92570300312 -11139.185871749127
      -11151.438774351836)
     (-15462.92570300312 31596.607605806639 -10290.272567151469
      -5843.40933565205)
     (-11139.185871749127 -10290.272567151469 25777.369341029203
      -4347.9109021286113)
     (-11151.438774351836 -5843.40933565205 -4347.9109021286113
      21342.759012132512)))))
 ((pools
   ((number_of_pools 1) (teams_per_pool 4) (cycles_per_pool 1)
    (multibracket ((2 1 0) (2 0) (2 0)))))
  ((samples 5833)
   (sums
    (1531.3430018316735 421.53704469797003 -714.61050053073029
     -1238.2695459989122))
   (prods
    ((1329.3841523406438 -439.0209008239936 -479.3776743224704
      -410.98557719418062)
     (-439.0209008239936 1187.4225082966968 -435.36709556152675
      -313.03451191117631)
     (-479.3776743224704 -435.36709556152675 1025.0970032308837
      -110.3522333468872)
     (-410.98557719418062 -313.03451191117631 -110.3522333468872
      834.372322452245)))))
 ((pools
   ((number_of_pools 1) (teams_per_pool 4) (cycles_per_pool 1)
    (multibracket ((2 1 1 0) (2 1 0) (1)))))
  ((samples 53333)
   (sums
    (13249.529035277588 1633.0967828576108 -3426.0239974023275
     -11456.601820732876))
   (prods
    ((11347.552251882018 -4835.763236023814 -2794.4275773920258
      -3717.3614384661792)
     (-4835.763236023814 10023.475861064731 -2984.0575889975007
      -2203.6550360434267)
     (-2794.4275773920258 -2984.0575889975007 7583.4677141145294
      -1804.9825477250063)
     (-3717.3614384661792 -2203.6550360434267 -1804.9825477250063
      7725.9990222346159)))))
 ((pools
   ((number_of_pools 1) (teams_per_pool 4) (cycles_per_pool 1)
    (multibracket ((2 1 1 0) (2 0) (1)))))
  ((samples 3333)
   (sums
    (843.788580123871 115.27004309366666 -137.58227286957518
     -821.476350347961))
   (prods
    ((722.29024383561523 -282.91817410532127 -159.96188990946757
      -279.4101798208257)
     (-282.91817410532127 612.6682237008738 -172.3492334925501
      -157.40081610300393)
     (-159.96188990946757 -172.3492334925501 491.57181771257058
      -159.2606943105535)
     (-279.4101798208257 -157.40081610300393 -159.2606943105535
      596.07169023438382)))))
 ((pools
   ((number_of_pools 1) (teams_per_pool 4) (cycles_per_pool 1)
    (multibracket ((2 1 1 0) (2 1 0) (2 0)))))
  ((samples 72500)
   (sums
    (18133.735747014081 2096.7187966938391 -5987.5141670069779
     -14242.940376700939))
   (prods
    ((15597.809290859965 -6573.9101280026107 -4469.2259240300755
      -4554.6732388272731)
     (-6573.9101280026107 13504.706346686857 -4320.0749918434494
      -2610.7212268408152)
     (-4469.2259240300755 -4320.0749918434494 10725.289029418309
      -1935.9881135447856)
     (-4554.6732388272731 -2610.7212268408152 -1935.9881135447856
      9101.3825792128737)))))
 ((pools
   ((number_of_pools 1) (teams_per_pool 4) (cycles_per_pool 1)
    (multibracket ((2 1 1 0) (2 0) (2 0)))))
  ((samples 27500)
   (sums
    (6911.8088473029347 1288.7698047833487 -2635.0152965826665
     -5565.5633555036129))
   (prods
    ((5971.9142495624619 -2283.13093642401 -1874.3611329004605
      -1814.4221802379893)
     (-2283.13093642401 5278.538810287354 -1815.3329863499623
      -1180.0748875133872)
     (-1874.3611329004605 -1815.3329863499623 4307.2542767112736
      -617.5601574608495)
     (-1814.4221802379893 -1180.0748875133872 -617.5601574608495
      3612.0572252122238)))))
 ((pools
   ((number_of_pools 4) (teams_per_pool 1) (cycles_per_pool 1)
    (multibracket ((4 0 0)))))
  ((samples 7000)
   (sums
    (2007.0079475504795 973.77668864568284 -503.59438237086846
     -2477.190253825293))
   (prods
    ((1874.820103825673 -299.2562679869809 -537.4558894115346
      -1038.1079464271572)
     (-299.2562679869809 1687.2917946086914 -531.13849568052331
      -856.897030941187)
     (-537.4558894115346 -531.13849568052331 1403.1597065387564
      -334.56532144669774)
     (-1038.1079464271572 -856.897030941187 -334.56532144669774
      2229.5702988150424)))))
 ((pools
   ((number_of_pools 4) (teams_per_pool 1) (cycles_per_pool 1)
    (multibracket ((4 0)))))
  ((samples 81000)
   (sums
    (39812.923005173718 -4559.4215107259115 -5881.2269133986947
     -29372.274581049118))
   (prods
    ((46264.9956823876 -18881.932328540988 -8054.28572967973
      -19328.777624166934)
     (-18881.932328540988 27115.956766506002 -4632.13401880115
      -3601.8904191638544)
     (-8054.28572967973 -4632.13401880115 16552.6376116748
      -3866.2178631939105)
     (-19328.777624166934 -3601.8904191638544 -3866.2178631939105
      26796.885906524687)))))
 ((pools
   ((number_of_pools 4) (teams_per_pool 1) (cycles_per_pool 1)
    (multibracket ((4 0 0) (2 1 0)))))
  ((samples 91000)
   (sums
    (26981.483509961061 1306.7410303727272 -6200.030487617063
     -22088.194052716703))
   (prods
    ((25237.100170950911 -10300.436833202661 -5882.0526768000791
      -9054.6106609482049)
     (-10300.436833202661 19238.464079898004 -4841.2701251176131
      -4096.7571215777552)
     (-5882.0526768000791 -4841.2701251176131 13926.758165387497
      -3203.435363469815)
     (-9054.6106609482049 -4096.7571215777552 -3203.435363469815
      16354.803145995762)))))
 ((pools
   ((number_of_pools 4) (teams_per_pool 1) (cycles_per_pool 1)
    (multibracket ((4 0 0) (1)))))
  ((samples 10000)
   (sums
    (2982.3346189565236 1369.2253348259474 -720.94860546365965
     -3630.6113483187978))
   (prods
    ((2844.4819503240506 -403.937976475861 -785.79040727757763
      -1654.7535665706102)
     (-403.937976475861 2399.5795680129709 -781.17569009901933
      -1214.4659014380868)
     (-785.79040727757763 -781.17569009901933 2047.5504675471782
      -480.58437017057543)
     (-1654.7535665706102 -1214.4659014380868 -480.58437017057543
      3349.8038381792767))))))